585600 5
1369700 7
17700 9
5400 14
3800 15
7000 19
3600 18
6300 25
4900 22
4100 22
5200 26
4500 25
3800 22
5300 26
4300 25
6000 31
4300 26
4700 29
7300 38
5100 30
5600 34
15000 34
8000 39
6600 37
5300 34
9300 34
4900 30
5300 37
4900 34
6100 34
5900 33
8200 38
6800 37
8800 39
6200 37
8100 45
7000 44
7900 39
8200 39
11700 43
22800 39
5800 39
5100 39
6200 43
6000 42
6500 43
5900 43
8800 53
3900 39
4000 46
5900 43
4700 48
3900 46
3800 42
3600 43
8800 39
4100 46
5500 54
8300 44
6700 54
9700 48
4700 44
4000 44
67300 48
8700 53
4300 44
10800 48
6100 47
5500 44
5000 44
5200 47
6300 48
7900 53
5500 47
8300 48
6500 47
5900 47
5900 48
9600 48
24700 52
16600 47
8900 47
4900 47
4700 51
6700 53
8300 61
4900 54
3600 50
6600 54
4200 49
2600 49
3200 53
8100 70
8900 56
6500 56
4700 49
5900 53
6700 64
7100 58
5200 58
5000 58
5200 58
4000 52
4000 53
8000 71
6000 59
4800 52
8200 58
4600 53
4600 55
6000 57
4200 53
4900 55
4500 55
5100 57
4300 53
6100 59
5500 57
5100 55
6100 55
5200 59
4200 49
4000 49
6000 53
8000 58
7400 59
5700 59
5700 53
6200 57
3900 58
3500 52
2800 58
3700 64
2800 58
2700 58
3300 64
2900 57
2600 55
2500 59
3700 56
8200 57
5700 55
6500 64
5800 64
4700 57
5500 63
4100 56
4100 58
2900 59
2600 58
4400 53
10300 59
3100 61
2400 52
2700 59
2300 56
4400 58
3400 64
2600 55
5000 71
5000 62
4600 55
5700 62
4500 58
4600 58
4800 60
5400 69
5600 64
6000 69
4600 60
4600 59
8100 63
4100 62
4100 59
4800 59
4100 59
15600 64
5400 59
4800 68
4500 58
4600 64
4900 59
4700 59
6000 62
6200 70
4600 60
8000 59
4700 67
4500 64
5000 62
4500 55
4200 58
4400 58
5000 63
5000 63
4100 64
4300 59
4400 59
5800 64
4300 59
4100 64
6500 60
4600 58
6000 69
4900 60
6600 58
4500 59
4000 67
6200 69
5900 59
5000 68
5100 63
4500 62
4500 59
5800 70
5000 68
5000 64
4500 63
5100 55
10900 62
4600 62
4500 55
4700 64
4900 64
4500 64
5600 64
7900 68
6200 69
5800 64
5500 68
6600 70
5200 68
5000 68
4700 64
8300 62
4900 67
5400 64
4500 67
4100 60
4600 58
5100 64
4600 63
6400 70
5200 59
5200 63
4700 67
5000 64
8900 79
4400 59
9300 61
7900 78
5400 75
6500 75
9000 89
6400 74
11900 64
5800 67
5800 64
4900 78
4900 72
5000 66
10000 80
5700 69
5900 78
5600 78
6000 75
6500 63
4800 79
5300 65
5400 75
6500 63
5100 75
6200 79
5100 67
6100 75
5500 64
5000 70
5700 74
6400 75
4500 63
4500 66
7400 90
5100 74
4600 65
5200 72
6200 67
17100 71
6200 69
5300 71
5000 69
8000 65
6600 70
4500 65
5400 74
5200 70
5100 69
4800 74
5700 75
4800 69
5100 74
4800 74
4500 67
6700 82
7500 69
4900 68
9200 76
5100 69
4800 64
4600 74
4300 63
4700 71
4700 63
6100 74
6100 60
4900 71
4600 67
5500 73
4700 71
4400 72
4500 68
5200 64
10700 76
5700 69
5200 70
4100 63
4500 74
5400 76
4500 67
5500 69
4300 65
5700 75
5700 82
4300 68
3900 64
4900 71
7700 68
4600 70
4400 69
4300 69
5900 74
5500 73
6900 82
6400 70
4500 64
5100 74
6500 82
6600 82
7500 74
5600 76
5800 82
5100 75
5000 71
6100 75
14000 74
5000 72
5300 70
11300 81
4300 81
5200 89
5200 80
4400 81
4600 70
4700 90
2900 71
3500 81
3000 81
2900 73
3900 67
4500 80
3900 78
3800 72
4400 79
7200 89
4200 72
5100 76
4900 73
4800 70
4900 82
4000 70
4200 75
4400 71
4000 77
4500 82
4400 77
48900 78
18600 71
6300 76
20400 82
3100 76
3000 77
2500 71
17100 88
3100 76
2300 78
4600 76
2600 80
1900 70
1700 71
2000 72
1600 67
4700 73
2200 77
14500 88
3300 82
2300 80
2300 71
2700 78
2900 75
2100 72
2300 73
2900 77
12800 77
2200 67
2900 76
6800 71
3500 82
3300 77
2600 76
2600 81
2400 71
2700 75
2700 81
2200 67
2300 78
2100 71
14000 87
2000 71
2700 77
2300 79
4700 81
2500 81
2200 77
2500 77
3400 76
2600 77
2300 81
2300 76
2800 76
2600 85
1900 72
3000 87
2200 76
2100 76
2900 74
2200 73
6500 77
2100 76
2300 81
2200 77
1900 70
2600 82
2300 76
3300 87
2500 86
2300 76
2300 70
2000 70
2000 70
2200 76
2400 71
2300 75
1700 71
1400 73
1200 80
1300 74
1200 80
1100 76
1400 82
1300 82
1200 80
2200 78
1600 80
1700 78
1600 76
1300 78
3000 82
1100 71
1400 81
1900 89
1300 81
1600 82
1300 73
1400 82
1300 77
1300 82
1400 82
1400 77
1700 71
2800 82
7800 77
1700 73
1400 76
1500 82
1200 77
1700 76
1400 82
1600 82
1600 88
1600 86
1300 75
1300 81
2400 82
1300 82
1300 77
1200 77
1400 82
1200 73
1100 77
1100 81
1500 72
1300 80
1400 71
1300 85
1400 82
1300 73
1200 76
2500 73
1200 78
1100 74
1100 73
1200 72
1200 71
1200 80
1200 76
1200 81
1400 82
1200 75
1400 76
1700 88
1300 81
1200 80
1300 81
2800 99
1500 90
1300 78
1600 84
1300 89
1400 81
1200 79
1200 83
1200 78
1800 89
1500 71
1300 78
2200 80
2100 86
1100 74
1100 74
1500 89
1400 90
2100 90
2000 77
3200 95
1200 79
1400 90
1700 90
1200 78
1400 83
3000 98
1400 84
1400 88
1300 77
1800 84
1400 90
1200 78
5000 110
1300 81
1200 78
2400 80
1200 79
1300 82
1400 93
1200 83
1300 86
1500 93
1300 87
1200 79
1200 72
1300 86
1400 88
1500 72
1400 87
2300 76
1300 83
1500 86
1300 87
1400 89
1100 76
1400 89
1300 76
1300 87
1300 83
1300 82
1200 79
1300 82
2600 72
1400 87
1300 86
1800 94
1300 87
1400 86
1300 93
1300 92
1300 85
1300 82
1300 81
1100 72
1400 87
1200 86
2900 100
1500 93
1200 85
1800 80
1300 83
1400 93
1600 83
1300 83
1300 89
1500 89
1300 92
1200 86
2300 88
1200 79
1300 86
1200 88
1500 92
1500 94
1200 83
1500 87
1200 84
1300 87
1100 77
1600 77
1300 83
2500 94
1300 81
1200 84
1900 99
1200 84
1300 81
1400 93
1200 81
1300 86
1300 85
1200 88
1400 97
1100 76
2300 80
1300 83
1400 91
1600 79
1500 86
1200 83
1200 81
1500 83
1200 86
1300 92
1200 80
1100 72
1300 92
1300 92
2400 88
1300 87
1200 79
1400 93
1600 98
1400 93
1700 91
1500 101
1200 87
1200 87
1400 88
1600 79
1200 76
2400 83
1400 97
1700 94
1500 89
1400 94
1200 86
1400 80
1200 85
1300 85
1200 87
1600 92
1300 80
2200 87
1200 84
1300 88
1500 87
1100 72
1100 82
1400 87
1200 90
1200 77
1300 87
1200 86
1400 93
1500 86
1300 85
1200 79
2700 83
1300 84
1200 86
1400 81
1200 81
1600 93
1200 87
1500 76
1300 86
1300 87
1700 100
1100 79
1300 87
1300 79
1200 72
1200 86
1300 94
1400 87
1700 80
1200 86
1300 85
1300 86
1200 85
1200 92
1200 75
1200 88
1300 84
4700 78
1500 81
1600 86
1500 92
1300 83
1400 90
1300 86
1200 86
1700 81
1300 92
1500 97
1200 86
1200 85
1200 82
2200 81
1300 83
1200 81
1400 81
1300 80
1400 94
1200 81
1200 81
1200 78
1500 90
1300 86
1500 93
1600 76
2400 80
1200 78
1300 87
1300 83
1600 93
1200 81
1300 83
1200 85
1400 91
1500 92
1200 85
1300 82
1300 87
4500 101
1200 77
1300 82
1600 89
1200 79
1400 93
1300 94
1300 92
1500 100
1800 111
1500 92
2400 83
1300 90
1300 86
1400 84
1400 86
1200 80
1400 90
1200 87
1500 95
1700 98
1500 101
1400 95
1100 76
2500 95
1300 88
1200 83
1200 82
1400 93
1300 85
1300 90
1400 94
1900 95
1200 79
1500 95
1400 95
1600 91
1400 90
1200 81
1500 100
1300 90
1300 84
1200 76
1400 93
1400 94
1200 79
1400 90
1300 89
2400 87
1300 83
1300 86
1100 72
1200 87
1800 91
11000 87
2300 91
2800 94
1300 91
1500 87
1200 83
1400 87
1300 81
2900 94
1200 86
1300 86
1300 94
1300 87
1500 91
1500 90
1700 84
1400 86
1500 92
1300 89
1400 93
1300 87
1400 78
1400 89
1600 95
1300 86
6800 85
2600 92
3600 110
1500 94
1400 93
1300 86
1300 81
2300 102
1500 89
1300 88
1600 94
1300 83
1400 80
1300 85
1400 88
1700 101
1200 85
1400 91
1500 90
1400 92
2500 92
1700 96
1400 79
2100 96
1300 90
1300 88
1400 94
1300 86
1600 100
1400 86
1200 79
1300 90
1200 85
1200 85
1400 89
1200 90
1500 96
1400 88
1200 83
1700 91
1800 98
1300 90
1300 90
1800 111
9700 89
2700 87
1600 95
1500 91
1400 80
1400 89
1400 88
1500 96
1900 94
1600 80
1600 94
1700 80
1300 80
1500 90
1200 84
5400 89
2200 93
1900 91
2200 95
1500 95
2000 95
1700 90
1400 89
1600 93
1900 95
1700 99
1500 93
2200 89
1800 99
1600 94
1900 91
1500 91
2200 101
1300 89
1800 100
1700 95
1500 85
33600 100
1300 92
1400 90
1600 94
2600 84
1400 98
1100 99
1100 98
2000 94
1200 90
1100 86
1000 83
1000 91
1300 96
1300 93
1400 93
1500 94
1300 101
1000 89
1000 93
1000 94
1100 101
1200 91
900 98
1200 95
1100 95
1100 91
1000 99
1000 93
1000 95
1300 98
2300 80
1000 94
900 92
1100 90
1200 102
1500 83
900 94
1300 89
1000 95
1500 110
900 89
900 89
2200 94
1300 101
1400 102
1100 89
1000 89
1300 91
1000 80
1000 91
900 92
800 92
1200 95
1000 95
2000 93
1000 96
1000 89
1100 100
1000 96
900 100
1000 83
1000 96
900 89
1000 95
900 95
1000 95
1300 95
2000 85
1100 94
1000 96
1100 99
900 89
1000 89
800 92
1100 95
1200 91
1000 94
900 95
900 94
1100 95
1200 94
1000 90
4000 89
1000 101
1200 109
800 83
1100 106
900 91
1100 100
1100 86
900 95
1100 98
1000 96
1000 91
2100 93
1200 90
1500 100
900 93
1000 92
1300 89
1600 109
1000 97
1000 94
900 95
1000 92
1100 86
1200 96
2300 89
1100 100
1000 100
1000 96
1000 94
1400 95
1200 95
900 97
1100 88
1200 94
800 89
1300 102
1000 97
2100 96
1700 110
1000 95
900 94
1500 89
900 89
900 92
1500 102
1100 99
1100 90
1000 87
1000 101
2300 80
900 89
900 90
900 84
1000 84
1000 89
900 90
900 80
1100 95
900 94
1000 96
1000 97
1000 91
1000 102
2100 96
1400 101
1100 105
900 93
900 100
1200 102
1300 83
1000 101
1000 101
1100 102
900 91
1100 94
1000 98
2100 100
1100 101
1000 96
1000 92
1000 101
1200 109
1200 107
1000 86
900 90
800 93
1200 84
1000 102
2200 96
1000 96
1000 91
900 100
1200 95
1000 91
1000 96
900 92
800 89
1100 105
1000 83
1400 105
900 89
1100 95
1000 92
800 92
2300 97
1200 95
1000 95
1000 102
1000 91
1100 96
1100 102
1000 88
1000 101
900 93
900 92
1000 94
900 86
1000 88
900 95
1100 106
1100 99
800 84
1100 102
1100 102
1300 105
900 105
1100 101
1000 102
900 92
4000 96
1400 109
900 93
1000 93
900 105
900 93
900 100
1100 96
1000 106
800 91
900 80
1200 100
2100 96
900 83
800 80
1100 100
1100 102
900 105
1000 100
1000 95
1200 102
900 86
1100 100
1300 80
1000 96
2300 107
1000 95
1400 121
1200 93
1200 110
1100 96
1300 103
1400 103
1400 120
1000 103
2000 99
1000 93
1100 94
1100 81
1400 107
900 89
900 93
1000 102
1400 85
1100 85
900 102
1000 93
900 92
1700 96
6100 97
1800 86
900 86
1400 105
1100 103
1100 92
1400 103
1500 98
900 84
1200 110
1400 95
1200 110
1000 100
2000 95
1000 98
1500 96
800 86
1000 91
1200 92
900 100
1300 117
1100 104
1000 96
1300 81
1500 103
1100 110
4100 109
1300 93
900 102
1000 104
900 81
1100 103
1000 111
1100 89
900 89
1000 109
1100 98
1200 91
1200 104
1000 85
900 93
2500 99
1000 97
1100 96
900 85
900 86
1000 93
1300 111
1800 133
1400 99
1100 94
1200 103
1000 95
1000 103
1200 99
1200 103
1100 100
1200 105
1100 100
1100 101
1100 95
1200 92
2300 93
1000 94
1200 92
1000 95
1000 94
1100 90
1000 89
900 85
1100 95
1000 89
1100 88
1100 98
1100 98
1500 101
2000 97
900 85
1100 94
1100 94
1100 93
1100 98
1100 98
1600 107
1000 96
1000 96
1100 108
1100 104
1100 100
2200 106
1200 89
1200 89
1000 93
1200 103
1000 107
1300 108
1000 93
1000 98
1100 107
900 92
1200 100
2100 94
1200 106
1500 100
1100 89
1100 100
1000 93
1300 93
1200 96
1300 111
1200 100
1000 96
1100 92
1100 102
2600 104
1000 99
1000 94
1400 100
1200 101
1100 100
1200 106
1100 98
900 94
1200 102
1100 100
2100 102
1000 103
1000 100
1400 114
1100 94
1100 93
1100 100
900 88
1200 95
1100 98
1000 90
1100 101
900 90
2000 98
1300 99
1100 103
900 90
1000 94
1100 88
1100 93
1000 94
1400 115
1100 95
1000 98
2400 100
1100 96
1100 101
900 93
1000 99
1000 104
1000 98
1000 92
1100 98
900 90
1400 115
1000 99
1100 99
1300 94
1100 100
900 92
1300 113
800 92
1200 100
1000 97
900 89
1100 100
2200 107
1200 113
1200 100
1000 100
1200 112
1200 93
1000 98
1000 94
1100 99
1000 99
1100 96
1100 111
800 85
4200 107
1100 93
1500 97
1000 100
1000 95
900 98
1100 101
1100 100
1500 115
900 92
900 95
1100 103
3800 102
1200 103
1000 93
1100 94
1400 123
1500 114
1100 99
1100 103
1300 114
4500 106
1200 100
1100 105
1000 85
1100 101
900 102
1100 94
1200 94
900 95
1100 94
1000 90
1100 112
1000 91
4100 99
1300 114
1500 108
1200 91
1000 105
1000 94
1000 98
1200 88
1000 103
1400 102
1200 106
1100 102
800 85
1200 100
1200 109
1300 109
1300 120
1100 98
1000 100
1200 99
1000 98
1000 99
1000 90
1000 94
1300 100
1100 94
1600 107
1000 96
1200 106
1200 107
1200 109
900 99
900 102
1200 99
1100 104
2200 107
1100 102
1000 103
1300 106
1300 115
1000 100
1000 98
1000 91
1100 93
1000 99
1500 111
1000 94
2100 105
1000 110
1100 88
1100 105
1100 99
1100 102
1300 94
1200 106
1100 106
1000 90
1000 102
1200 107
2200 102
1000 94
1100 111
1000 103
1400 107
1300 124
1000 100
900 105
1000 98
900 102
1100 111
2500 106
1200 115
1400 100
1000 102
1000 94
1000 106
1400 107
1100 102
1100 101
1000 108
1100 102
900 99
1900 98
1000 93
1000 95
900 102
900 102
900 94
1100 101
1200 98
1000 100
1000 100
1100 106
1000 101
1000 98
1000 101
2300 108
1000 106
1100 97
1000 102
1300 99
1100 102
1000 98
900 103
1000 102
1200 92
1200 115
1100 101
1500 94
2200 92
1100 114
1000 97
900 94
1200 114
1000 108
1600 113
1100 93
1000 99
900 114
900 91
10600 98
1400 107
1400 101
1900 97
1200 109
2600 97
1600 101
1500 96
1300 102
1300 85
1300 100
1300 96
1100 94
1200 104
1200 98
1300 94
1600 108
1100 94
1300 106
1300 115
1200 105
1300 106
2300 89
1300 104
1000 105
1000 112
1200 98
1300 106
1300 102
1200 99
1400 113
1600 102
1300 107
1300 115
2400 102
1100 102
1100 98
1100 104
1000 95
1200 95
1200 99
1300 119
1000 97
1300 113
1100 111
1300 107
1200 99
1500 93
1300 109
1600 115
1700 115
1100 100
1400 111
1600 108
1100 106
1000 100
1500 105
2400 93
1600 115
1300 103
1100 104
1300 120
1100 100
1200 102
1200 85
1500 107
1700 123
1300 101
1200 103
1300 113
1200 106
1100 89
1200 100
1100 93
1100 103
1200 102
1300 106
1100 113
1200 99
3000 108
1200 88
1300 94
1300 114
1100 113
1000 105
1000 111
1200 104
1200 103
1000 94
1200 103
1100 112
1100 100
2800 109
1400 106
1000 97
1400 104
1300 107
1400 114
1400 107
1100 115
1100 115
1200 103
1700 107
2400 97
1300 106
1200 100
1300 97
1100 102
1200 106
1300 109
1500 102
1200 102
1200 101
1300 115
1100 112
1300 98
4100 92
1500 89
1200 110
1400 102
1100 99
1300 109
1100 101
1300 109
1100 106
1000 101
1400 107
1300 107
1200 109
1100 101
1400 123
1100 104
1200 104
1100 108
1300 89
1300 110
1300 102
1300 98
1100 105
1200 110
1300 101
1200 107
1100 89
1300 101
1300 98
1100 89
1100 98
1100 97
1400 107
1300 101
1200 100
1200 99
2500 107
1400 94
1100 94
1400 99
1000 93
1400 115
1100 104
1200 95
1200 103
1200 105
1000 101
1200 107
2400 109
1100 101
1100 103
1300 105
1200 105
1100 102
1200 94
1300 109
1400 107
1100 96
1000 96
1300 102
900 88
2400 98
1200 104
1200 100
1100 107
1200 93
1200 100
1100 107
900 93
1300 102
1200 93
1200 113
1500 107
1200 104
2900 110
1200 104
1000 88
900 93
1400 102
1300 102
1200 101
1400 115
1600 113
1100 103
1300 112
1600 101
2200 103
1400 110
1200 104
1100 103
900 88
1200 94
1100 102
1000 97
1100 100
1200 101
1200 114
1100 108
2300 94
1200 104
1300 96
1300 106
1200 96
1300 106
1000 109
1300 104
1000 91
1100 94
1000 109
1000 102
1200 108
2100 101
1200 106
1200 100
1300 115
2600 134
1200 101
1100 107
1200 110
1300 107
1200 114
2300 102
1000 106
1100 104
1200 102
1200 103
1200 108
1500 103
1300 108
1100 94
1100 101
1100 106
1100 102
1200 99
1100 102
2200 107
1100 100
3100 102
1800 103
2500 113
2400 105
2200 110
1900 103
1800 115
2000 102
1500 111
1200 101
3500 100
1200 104
1900 107
1600 98
1300 107
1500 105
1600 110
1500 94
1200 105
1600 110
1300 106
1200 103
1200 93
3000 107
1700 98
1600 116
1300 102
1100 105
1400 110
1200 94
1300 98
1300 103
1300 104
1300 102
3000 116
1300 108
1700 98
1200 95
1200 102
1200 107
1500 100
1500 109
1200 104
1400 107
1400 101
1200 103
2300 104
1400 109
1500 101
900 90
1400 100
1700 115
1000 94
1200 113
1100 109
1300 108
1100 95
900 91
1200 93
1200 101
1400 107
1100 106
1400 115
1100 105
1300 107
1100 106
1000 96
1200 108
1300 103
900 93
1000 94
2000 122
1000 100
1300 101
1600 110
1200 108
1200 93
1700 103
1000 107
1600 116
1500 122
1500 107
2600 107
1200 110
1200 113
1200 103
1100 107
1000 93
1600 99
1200 104
1100 103
1300 102
1700 104
1200 97
1100 101
3000 115
1100 98
1500 120
1100 103
1100 107
1200 115
1400 104
1300 98
1300 101
1200 113
1400 93
1200 102
2600 109
1100 108
1200 109
1200 95
1300 103
1400 109
1300 105
1100 95
1000 111
1500 109
1100 103
1400 116
2200 101
1400 114
2000 133
1300 100
2000 107
1700 103
1800 109
1800 108
1700 102
1700 106
1700 112
3800 104
2100 120
2000 99
2300 116
1700 102
1700 96
1700 105
1900 114
1900 104
2100 109
2300 122
3600 109
2300 100
1800 102
2500 109
2400 103
2300 107
2500 110
1900 104
1200 103
1900 117
1100 100
2800 109
1700 107
2500 113
1300 108
1300 112
1300 101
1100 104
1000 103
2100 114
1400 123
1300 109
2200 119
1500 103
1200 107
1200 104
1100 113
1300 104
1400 106
1400 117
1200 112
1300 111
1400 115
1500 98
3200 117
1500 98
1800 106
1200 101
1500 115
1600 109
1200 112
1300 103
1500 104
1600 112
1300 111
1500 102
1200 109
2500 96
1600 115
1700 124
1500 99
1300 109
1000 104
1200 107
1100 110
1100 111
1400 114
1200 105
4500 100
1400 108
1300 106
1300 106
1400 108
1100 105
1800 101
1500 100
1800 124
1300 109
1500 111
1100 103
2900 105
1300 104
1300 102
1500 102
1200 99
1200 114
1800 100
1200 94
1400 103
1100 110
1100 95
1300 104
1100 107
1300 107
2700 103
1200 104
1200 115
1300 121
1300 103
1200 94
1300 115
1500 106
2000 111
1000 100
1600 108
1300 109
1200 110
1300 99
1200 103
1500 99
1200 110
1000 109
1200 111
900 102
1300 116
1300 105
1200 109
1100 102
2300 108
1300 107
2000 124
1100 106
1500 108
1100 111
1900 111
1900 106
1800 114
2700 113
2200 104
2800 122
1300 102
1300 107
1400 93
1100 110
1100 99
2200 116
1500 104
1000 95
1100 105
1200 104
1200 99
2200 103
1100 107
1300 112
1300 110
1700 107
1800 110
2100 106
2200 107
2100 104
2300 110
2400 109
2600 113
2100 103
4000 98
2300 98
2700 114
2600 120
2200 104
2100 99
2000 101
2400 105
2600 106
2400 105
2200 103
2200 104
1800 109
4500 104
2100 107
3100 116
2400 111
2300 106
2300 96
2900 114
2700 116
2400 102
2200 106
2300 111
2800 102
8400 114
2600 110
3300 106
3200 123
2500 107
2400 104
2100 102
2700 109
2400 107
3500 107
3300 120
4600 107
2300 108
2400 108
2200 107
2400 104
2100 111
2600 96
3000 117
2100 106
2600 112
2600 113
1900 104
5300 132
2400 112
2100 99
1900 105
2500 109
1400 120
1900 124
1400 106
1700 96
1800 115
1500 108
1200 93
1400 101
1500 104
1500 105
1300 106
1400 107
1500 99
1200 108
1400 96
1500 105
1500 112
1100 113
1300 100
1200 96
2600 104
1500 111
1500 109
1200 116
1800 116
1100 105
1300 108
2000 110
1300 99
1100 99
1400 115
1200 106
2300 100
1500 106
1000 96
1200 108
1300 105
1400 111
1300 105
1400 112
1400 110
1300 103
1300 106
1300 94
1400 106
2400 105
1400 111
1200 111
1400 109
1700 112
1200 108
1400 101
1400 99
1200 109
1100 109
1400 106
1400 104
2200 101
1000 96
1300 109
1200 108
1300 112
1200 100
1200 103
1500 115
1300 99
1200 108
1100 107
1100 109
1200 107
2700 122
1200 105
1100 109
1200 93
1100 100
1200 106
1700 115
1000 106
1200 104
1700 117
1300 104
1400 101
2200 110
1800 120
1200 110
1300 100
1300 110
1300 106
1300 119
1300 103
1300 102
1200 100
1700 123
1000 106
1100 103
2500 106
1500 103
1400 112
1400 112
1300 115
1400 114
1300 110
1600 110
1300 100
1100 110
1300 116
1400 113
1200 106
1100 99
1300 116
1300 116
1300 110
1600 104
1400 123
1600 112
1300 108
1000 102
1400 113
1300 112
2500 116
1100 100
1300 112
1100 96
1300 104
1300 106
1300 100
1400 104
1600 107
1200 112
1300 107
1500 115
2200 116
1100 108
1800 111
1400 107
1100 107
1200 103
1200 108
1000 107
1300 115
1200 109
1000 107
1200 103
1200 97
2400 114
1000 93
1200 103
1000 94
1300 109
1100 114
1100 106
1400 116
1000 95
1100 99
1300 104
1500 111
1300 116
2600 109
1300 114
1500 115
1500 113
1100 103
1300 111
1100 110
1300 110
1500 116
1100 113
1000 110
1300 109
2400 114
1100 98
1500 115
1000 91
1300 110
1700 133
1100 114
1000 110
1300 127
1800 107
1400 104
1200 106
1200 118
1200 110
1200 105
1500 118
1800 113
1200 108
1200 104
1200 110
1500 115
1300 105
2500 108
1600 124
1100 107
1300 105
1700 108
1000 100
1400 110
1700 114
1100 100
1100 107
1100 103
1700 98
2500 113
1400 109
1500 123
1100 103
1100 91
1100 99
1700 117
1100 118
1500 115
1100 104
1100 107
1100 99
1200 118
1500 108
1000 105
1000 104
1300 112
1100 103
1200 108
1200 110
1100 107
1100 100
1100 102
1200 112
1200 106
2700 124
1100 99
1200 112
1300 106
1300 123
1100 105
1300 102
1100 116
1400 123
1000 105
3000 116
1200 102
1400 117
1300 102
1400 103
1200 104
1500 110
1200 106
1200 100
1300 110
1000 98
1200 104
1200 112
1100 110
2400 116
1500 122
1400 116
1100 114
1900 122
1100 106
1300 112
1300 115
1100 105
1400 99
1100 111
2200 110
1100 102
1300 103
1100 108
1400 107
1600 103
1100 111
1200 123
1400 101
1900 145
1400 105
2500 120
1300 110
1500 111
1200 113
1500 116
1700 133
1500 122
1600 107
1200 120
1400 119
1200 117
1200 118
2300 120
1200 103
1200 116
1300 107
1300 116
1200 109
1100 119
1000 103
1100 108
1300 111
1300 119
1300 114
1200 109
1300 107
2400 124
1400 109
1400 105
1300 119
1600 114
1300 108
1200 98
1800 133
1100 103
1200 110
1300 104
2500 112
1100 102
1200 124
1100 106
1300 116
1200 104
1100 116
1100 98
1600 132
1400 114
1300 104
1600 113
2300 120
1300 118
1300 120
1200 114
1300 104
1100 123
1300 108
1200 103
1500 108
1300 101
1400 117
1300 119
1400 118
2500 118
1500 125
1200 113
1300 118
1300 112
1200 113
1100 104
1800 133
1300 128
1300 120
1200 104
2500 125
1900 144
1400 109
1300 107
1100 119
1200 100
1200 111
1300 121
1100 110
1100 98
1300 117
1300 111
2300 107
1500 123
1200 103
1100 103
1300 119
1100 115
1300 113
1200 115
1200 104
1200 124
1200 114
1600 134
1300 126
1400 99
1200 118
1200 128
1500 123
1300 103
1600 125
1400 104
1100 99
1200 108
1600 124
2300 108
1600 115
1300 104
1400 133
1200 108
1400 104
1200 109
1300 104
1200 118
1300 115
1400 117
1300 104
2200 107
1300 119
1500 128
1400 99
1300 123
1300 132
1200 104
1200 108
1100 107
1300 114
1200 107
1200 112
2300 104
1400 113
1200 113
1400 104
1400 111
1300 108
1200 111
1200 106
1200 110
1300 104
1100 111
1200 127
1300 123
2300 108
1400 105
1300 116
1600 137
1400 118
1200 122
1100 130
1500 119
1300 122
1200 113
1700 125
2300 124
1300 126
1100 109
1400 122
1300 128
1100 107
1800 101
1200 128
1100 99
1300 127
1400 118
1300 132
1400 113
4400 108
1200 128
1100 107
1200 134
1200 105
1500 104
1200 104
1100 115
1300 140
1100 112
1400 110
1200 104
1500 113
4100 113
1300 123
1200 128
1200 102
1200 125
1600 134
1300 105
1500 108
1400 113
1100 112
1400 103
1200 108
1400 99
2600 113
1300 100
1300 128
1200 124
1200 108
1100 95
1200 109
1200 109
1200 124
1200 108
1400 104
1100 109
2300 102
1200 117
1200 119
1600 116
1100 107
1600 114
1300 104
1200 123
1300 104
2800 113
1900 106
1600 126
2100 121
3000 116
1600 113
1400 99
1900 113
1500 104
1500 98
1400 113
1400 125
1300 99
1500 105
1700 125
1600 109
1100 95
4300 129
1400 127
1300 119
1500 118
1600 110
1600 107
1400 113
1600 123
1300 107
1400 112
1100 113
1100 100
1300 104
2600 113
1800 117
1200 110
1300 107
1300 100
1300 117
1400 119
1100 99
1500 123
1400 113
1400 113
1300 104
2100 95
1800 132
1300 105
1400 115
1800 111
1800 133
1300 110
1300 118
1300 115
1300 105
1100 122
1400 128
2500 114
1500 103
1400 106
1400 128
1500 130
1400 115
1900 119
1500 129
1400 128
1700 118
1200 113
1800 112
1100 104
1500 124
1300 107
1600 118
1100 120
1200 113
1300 108
1300 121
1400 117
1500 110
1200 112
1100 118
1700 102
2600 131
1200 114
1200 113
1200 111
1200 106
1300 127
1100 111
1400 123
1200 118
1700 128
1500 132
1200 119
2500 129
1400 105
1400 116
1400 118
1200 123
1300 103
1300 130
1700 101
1200 116
1300 121
1400 106
1500 138
1400 107
2500 110
1100 99
1500 133
1600 108
1300 113
1300 128
1500 128
1100 117
1300 123
1100 129
1100 102
1300 101
2400 113
1300 126
1600 113
1500 110
1000 109
1500 117
1200 107
1300 114
1300 103
1200 113
1600 118
1300 105
1300 115
1300 113
1400 113
1400 116
1400 134
1400 112
1200 118
1300 119
1200 108
1700 126
2600 124
1300 108
1300 104
1100 115
1200 110
1200 108
1100 100
1200 114
1400 117
1400 113
1700 117
4400 120
1400 109
1300 105
1000 101
1100 99
1300 105
1200 104
1300 110
1300 134
1300 129
1300 113
1500 103
2100 98
1400 118
1200 110
1500 112
1500 121
1200 110
1600 113
1700 132
1800 134
1200 140
1200 108
1300 102
2300 110
1800 112
1200 116
1500 133
1300 108
1900 134
1500 134
1300 125
1100 110
1500 117
2400 117
1600 116
1300 105
1300 112
1300 125
1600 138
1300 119
1100 108
1400 119
1400 108
1200 114
1000 101
2300 117
1200 101
1200 110
1200 111
1300 124
2000 126
1300 102
1200 106
1300 120
1100 95
1200 104
1200 99
1100 111
1500 114
2500 113
1500 108
1400 114
1300 121
1600 134
1300 120
1300 105
1300 126
1300 119
1200 117
1300 128
1200 107
2900 126
1500 124
1400 128
1400 119
1200 112
1200 114
1100 111
1200 112
1100 103
1300 134
1200 129
1100 128
1300 99
2300 107
1300 104
1400 112
1400 105
1300 107
1100 104
1100 113
1100 112
1300 113
1200 113
1000 109
1300 114
1300 112
1300 110
2800 116
1200 124
1400 126
1700 132
1200 129
1600 109
1200 104
1100 105
1500 129
1200 108
1200 106
1200 108
2300 124
1200 103
1300 116
1100 114
1400 110
1500 112
1100 112
1300 113
1200 124
1100 104
1500 112
1300 115
2200 113
1500 121
1500 128
1800 104
1200 113
1100 104
1500 116
1600 134
1200 109
1300 109
1300 112
1200 112
1200 112
7000 143
1200 102
1300 101
2200 119
1100 120
1400 108
1200 123
1300 125
1200 114
4200 111
1100 102
1100 103
1200 104
1200 115
1400 127
1200 115
1600 124
1300 115
1700 112
1500 125
1300 125
2500 128
1200 104
1600 122
1400 117
2000 144
1200 118
1000 104
1600 111
1300 112
1400 108
1200 114
1200 106
2500 105
1400 121
1300 119
1100 129
1400 121
1400 134
1600 134
1500 134
1300 120
1800 117
1300 120
1500 127
1500 113
1100 109
1200 113
1200 126
1300 113
1400 104
1500 116
1200 108
1100 124
1400 124
1500 123
1000 112
2800 108
1200 107
1400 130
1300 112
1300 125
1300 106
1300 129
1000 101
1300 104
1200 110
1200 109
1200 117
1200 133
2400 112
1500 134
1300 113
1400 116
1300 104
1400 110
1300 110
1100 116
1300 113
1500 129
1200 133
1300 108
1500 132
2600 108
1400 116
1800 127
1100 133
1200 101
1500 134
1200 108
1400 110
1400 124
1700 119
1300 109
2500 124
1900 114
1100 128
1500 120
1300 124
1100 124
1300 108
1500 110
1600 111
1100 108
1200 110
1200 117
4800 119
1500 116
1500 128
1000 116
1400 130
1300 119
1100 101
1200 130
1500 134
1800 125
1600 99
1100 109
2400 115
1100 108
1500 112
1400 127
1300 121
1700 129
1100 112
1300 119
1200 98
1100 98
1300 134
1200 107
1200 113
2800 124
1200 110
1100 110
1500 115
1300 134
1200 125
1200 127
1100 102
1400 108
1200 102
1400 120
1100 112
1100 133
2100 108
1300 109
1300 110
1200 112
1300 128
1600 110
1400 117
1200 117
1100 117
1300 130
1200 114
1300 104
2200 115
1200 108
1200 131
1600 123
1500 117
1300 138
1200 108
1200 113
1400 107
1500 123
1800 134
2500 119
1300 125
1100 129
1700 127
1400 128
1400 119
1300 104
1600 121
1200 129
1300 105
1400 123
1300 133
2300 119
1400 121
1500 120
1200 132
1000 103
1200 114
1500 116
1400 109
1300 112
1200 110
1300 138
1400 117
2400 125
1100 107
1200 110
1300 116
1400 123
1500 120
1300 113
1300 111
1400 112
1300 119
1800 111
1400 131
1400 120
3000 126
1200 126
1200 121
1500 113
1200 104
1200 112
1300 125
1200 122
1500 137
2100 134
1100 111
1200 112
2800 114
1300 108
1800 134
1700 144
1600 134
1400 114
1400 117
1700 124
1100 113
1400 108
1300 111
1300 118
1400 126
1400 128
1600 119
1300 109
1600 140
1000 110
1200 121
1300 112
1500 124
2200 123
1100 119
1300 114
1300 127
1200 127
1400 119
1200 115
1400 119
1200 116
1400 137
1400 126
1200 123
2400 112
1200 118
1500 113
1400 115
1200 112
1200 130
1400 115
1200 134
1400 118
1900 141
1200 114
1200 113
2300 134
1300 108
1300 114
1500 141
1100 110
1700 115
1500 128
1700 112
1500 114
1400 119
1300 122
3000 125
1900 118
1500 113
1700 142
1500 118
1200 110
1700 134
1300 119
1900 129
1200 116
5500 116
2200 113
1600 122
2800 134
1700 117
1900 133
1400 115
1700 121
4800 113
1500 107
1600 126
1200 108
1700 126
2000 119
1500 119
1500 114
1100 110
1500 133
1100 116
2500 113
1900 120
1600 118
1200 104
1700 124
1600 128
1300 113
1200 116
1300 110
1600 117
1300 113
1500 126
2500 112
1500 126
1500 119
1300 111
1200 108
1800 119
1300 113
1400 121
1100 109
1500 108
1600 114
1700 115
1500 115
2400 123
1000 116
1800 132
1500 118
1200 127
1300 113
1600 139
1100 112
1100 104
1400 127
1400 113
1500 114
1300 123
1200 113
1200 124
1500 129
1300 108
1400 114
2000 114
1800 126
1700 134
1400 128
1500 129
2500 107
1200 113
1200 108
1200 114
1700 134
1600 133
1200 116
1700 119
1100 115
1700 126
2700 119
1500 127
1200 111
1300 112
1300 134
1500 137
1400 122
1600 120
1300 114
1900 115
2100 115
2300 115
1900 121
3400 117
2800 132
1800 120
2200 128
2200 125
2000 117
2200 133
2300 134
1900 111
2400 134
1900 104
2200 126
3800 114
2300 126
2100 122
2400 121
2100 113
2700 133
1700 122
1400 115
1400 129
1200 113
1400 112
1700 120
1400 113
2900 113
1400 108
1500 114
1300 113
1000 113
1300 108
1600 115
1700 129
1300 120
1400 113
2000 125
1700 117
1400 109
1800 108
1200 119
1300 112
1300 125
1400 112
1400 131
1700 140
1300 114
1500 117
1400 119
2600 119
1700 134
1400 119
1200 117
1400 128
1600 124
1200 119
1800 104
1500 123
1200 133
1500 119
1500 120
2500 115
1200 108
1600 129
1300 122
1300 114
1200 120
1300 128
1800 120
1600 130
1700 121
1300 138
1300 114
1100 128
2300 114
1300 108
2200 126
1000 122
1400 115
1200 130
2000 128
1500 119
1400 117
1300 113
1200 132
1500 126
2600 131
1900 118
1400 110
1100 117
1400 112
1300 111
1600 125
1700 129
1200 117
1200 114
1400 138
1400 127
1400 127
2200 117
1400 125
1300 112
1500 116
1400 119
1700 126
1400 118
1500 122
1500 134
1300 107
1200 104
2400 126
1200 115
1400 116
1400 114
1200 112
1500 133
1400 118
1300 126
1300 115
1500 137
1200 129
1400 113
2500 114
1300 130
1300 119
1200 128
1400 120
1100 110
1100 114
1300 129
1200 125
1100 111
1200 129
1700 128
1400 119
2400 118
1300 124
1400 129
1500 120
1400 126
1200 132
1900 125
1400 107
1300 111
1400 122
1500 123
1300 125
2400 121
1000 107
1000 111
1400 115
1300 121
1300 112
1400 128
1300 115
1500 132
1300 127
1600 119
1300 118
1600 111
2400 113
1700 129
1200 108
1500 139
1200 127
4500 118
2700 104
2200 120
1600 111
1300 125
2000 123
1500 125
1800 127
3600 113
1700 119
1500 116
1400 129
1600 123
1700 124
1200 122
1400 129
1200 130
1600 129
1700 133
1300 117
1500 118
1500 120
2200 120
1400 124
1200 115
1400 109
1600 122
1700 110
1600 109
1100 116
1500 130
1500 112
1400 130
1700 119
1200 109
1600 112
2600 130
1500 130
1400 118
1500 117
1200 116
1700 125
1600 119
1400 127
1400 130
1300 131
1300 108
2900 114
1300 120
1300 112
1400 131
1600 134
1600 127
1400 113
1600 109
2100 143
1500 115
1400 125
2200 123
1400 113
1200 112
1400 121
1200 124
1600 141
1400 113
1800 138
1500 133
1400 130
1300 117
1700 132
2600 108
1500 117
1500 119
1700 119
1400 113
1400 113
1600 123
1100 124
1300 126
1400 128
1500 125
1200 120
2600 121
2200 119
1300 109
1400 111
1500 119
1200 114
1200 123
1300 113
1900 115
1500 130
1700 126
1600 119
1300 113
2400 111
1800 117
1600 104
1400 108
1300 120
1300 133
1300 118
1100 112
1400 111
1300 119
1400 115
1300 125
1400 114
2500 121
1300 107
1500 108
1400 126
1400 132
1600 140
1300 110
1600 114
1200 119
1100 127
1100 120
1300 122
2600 134
1500 139
1400 119
1300 118
1300 111
1500 125
1600 134
1400 114
1400 111
1100 125
1400 111
1100 134
1200 108
2400 115
1300 127
1300 115
1300 120
1300 108
1900 126
1300 125
1300 126
1100 114
1200 123
1500 128
1000 111
1300 108
1500 115
1200 116
2100 141
2200 115
1400 131
1600 134
1400 124
1300 134
1300 131
1400 113
1400 108
3800 158
1500 108
1500 107
1500 107
1500 121
1300 118
1700 114
1300 115
1700 137
3100 147
1700 119
1100 104
1300 118
1300 117
1500 122
1500 120
1300 103
1300 125
1800 130
1900 113
1600 138
1800 129
1500 115
1400 130
1400 117
1500 117
1500 128
2000 129
1400 119
2400 118
1400 122
1200 115
1400 117
1300 104
1300 121
1500 112
1200 117
1100 122
1900 136
1400 124
1400 119
1300 132
2800 129
2000 128
1500 120
2200 138
1400 122
1600 126
1400 125
1500 121
1400 117
2600 124
1300 120
1600 132
1500 138
1600 116
1700 129
1500 124
1400 116
1400 134
1400 117
1500 114
2900 120
1400 114
1600 117
1100 116
1300 108
1200 117
1400 113
1600 110
1500 133
1700 117
1700 107
1300 126
1300 123
2800 113
1500 119
1400 118
1300 117
1100 123
1400 116
1400 115
1300 111
1300 112
1400 123
1600 130
1700 126
1500 108
1300 118
1100 104
1300 112
1400 120
1400 123
1500 138
1700 128
1800 122
1700 121
2500 122
1300 115
1600 133
1200 112
1400 121
1400 123
1300 116
1300 120
1200 108
1100 110
1300 120
1400 133
1400 112
2500 120
1100 108
1400 115
1400 123
1300 118
1400 117
1200 115
1800 121
1200 119
1200 118
1500 123
1500 125
2400 116
1700 123
1900 111
1600 114
1800 126
1500 119
1900 128
1200 107
1600 122
2100 120
1700 122
1500 118
1300 125
1400 124
2400 147
1300 114
1500 120
1400 122
1700 144
1300 114
1600 115
2800 116
1300 113
1500 113
1300 120
1200 120
1200 116
1400 126
1400 118
1600 103
1500 113
1700 129
2500 106
1600 126
1400 115
1400 128
1200 120
1700 129
1600 121
1900 122
1200 113
1400 129
1500 103
1200 115
2700 122
1400 131
1500 116
1400 119
1500 115
1400 124
1600 130
1400 120
1400 111
1400 115
3000 125
1800 131
1200 112
1400 114
1300 119
1300 112
1600 123
1500 121
1400 123
1100 118
1200 128
1500 124
1700 123
1600 113
1400 120
1600 112
1600 117
1600 122
1400 120
1000 113
1400 117
1100 117
1600 107
1600 132
1800 114
1600 138
1500 114
1500 116
1800 116
1300 112
1200 115
1700 144
1400 114
1600 134
1600 119
2700 127
1400 123
1900 144
1600 120
1500 121
1400 133
1300 116
1800 126
2100 128
1500 124
1600 122
1500 117
2600 121
1900 138
1500 116
1500 138
1600 112
1600 116
1600 108
1500 123
1300 124
1300 121
1500 121
2400 108
1300 121
1500 116
1200 121
1600 111
1500 121
1500 116
1300 103
1500 124
1400 124
1300 113
1400 128
1600 117
1600 116
1300 113
1700 120
1400 134
1600 131
1200 110
1400 118
1300 105
1300 111
1200 108
1500 111
1500 121
2500 111
1100 102
1700 134
1800 138
1700 131
1400 124
1300 125
1500 116
1300 138
1300 134
1400 121
2300 114
2000 121
1500 126
1100 121
1700 125
1300 116
1500 125
1300 122
1500 125
1300 117
2800 131
1500 121
1200 125
1300 113
1500 137
1200 116
1800 128
1800 138
1300 121
1500 133
2500 117
1700 125
1300 123
1400 111
1500 117
1300 116
1600 123
1300 116
1500 131
1300 113
2000 121
2500 127
1500 120
1500 118
1300 116
1600 130
1400 136
1300 122
1400 118
1300 119
1400 122
1500 131
2200 132
1200 112
1800 123
1600 119
1600 122
1600 110
1300 133
1400 125
1600 138
1500 124
1500 128
2600 118
1500 113
1200 118
1500 122
1400 117
1500 121
1300 110
1400 110
1700 123
1300 114
1200 121
1400 112
2300 121
1400 113
1500 130
1400 123
1300 103
1600 127
1300 121
1200 104
1400 129
1400 118
1500 121
1700 117
2800 137
1300 118
1300 102
1200 123
1400 119
1400 130
1800 124
1400 118
1100 120
1300 134
1400 108
1300 108
2400 123
1600 116
1300 120
1400 120
1300 137
1400 129
1400 129
1400 132
1300 116
1500 119
1400 117
1700 131
2300 110
1400 116
1300 114
1200 126
1200 107
1600 122
1500 116
1200 127
1500 122
1500 129
1500 125
2500 121
1300 113
1400 127
1300 134
1800 138
1400 117
1900 120
1400 118
1700 128
1200 123
2300 137
1400 116
1200 114
1100 120
1200 109
1300 113
1100 109
1400 123
1500 108
1500 124
1600 131
1900 116
2700 133
1700 137
1400 112
1400 128
1200 131
1200 127
2000 124
1300 104
1400 117
1400 121
1100 121
2100 108
1700 137
1600 143
1300 110
1400 131
1500 121
1600 122
1600 114
1100 116
1300 123
2200 112
1600 121
1300 120
1400 116
1300 122
1700 125
1400 114
1600 120
1300 123
1300 111
1500 131
1600 127
2500 114
1500 134
1300 122
1500 143
1500 123
1700 122
1400 130
1500 117
1200 112
1500 122
1300 126
2300 126
1500 119
1700 131
1300 111
1300 129
1500 118
1200 119
1300 114
1500 111
1400 130
1700 129
1500 117
1500 123
1500 113
1500 137
1600 121
1400 124
1500 135
1400 123
1500 116
1600 117
1200 121
2600 118
1400 118
1300 116
1200 121
1300 121
1500 131
1300 121
1600 129
1200 118
1300 129
1300 122
2500 131
1300 120
1100 121
1500 137
1400 117
1200 120
1500 122
1500 122
1500 134
1300 122
1400 117
2400 122
1300 113
1500 135
1400 116
1200 117
1600 129
1400 117
1500 118
1200 119
1700 124
1200 114
1600 120
1300 113
2100 117
1500 116
1300 105
1600 126
1400 113
1600 121
1500 116
1200 120
23500 122
6000 138
5400 107
4900 124
1600 120
1300 117
1100 105
1500 117
5700 118
1300 108
1200 121
1600 122
1600 122
1300 112
1300 138
2600 138
1700 128
1300 118
1500 121
1300 133
1300 118
1700 135
1400 127
1200 128
1300 122
1600 129
2400 130
1300 116
1400 129
1400 132
1600 129
1600 120
1700 130
1400 119
1400 122
5400 130
1500 132
3800 115
1500 122
1300 123
1500 116
1400 121
1500 131
1200 128
1400 123
2500 113
1300 131
1300 120
1100 112
1400 121
1300 132
1500 118
1400 121
1300 126
1400 109
1100 121
1300 116
2800 127
1100 121
1700 128
1600 123
1500 133
1200 114
1300 110
1300 118
1200 110
1400 131
1400 121
2800 122
1500 138
1100 116
1200 137
1200 113
1000 112
1600 131
1400 118
1300 126
1300 125
1300 113
3000 137
1100 114
1700 120
1400 112
1300 132
1500 126
1500 128
1800 122
1500 122
1400 122
1500 129
1400 122
2600 111
1200 121
1200 125
1600 112
1700 123
1500 127
1500 123
1300 118
4900 120
1400 119
2800 116
1500 116
1500 114
1600 125
1200 120
1300 125
1300 118
1500 114
1400 116
1600 112
1600 118
1400 119
2800 128
1500 125
1400 122
1200 124
1200 122
1300 118
1600 138
1300 123
1200 118
1600 131
1200 127
2700 114
1400 109
1400 124
1800 122
1600 122
1800 136
1700 121
1800 138
1200 121
1500 118
2500 116
1400 119
1400 116
1600 117
1300 125
1400 113
1300 106
1500 122
1200 116
1400 116
1300 109
1300 115
2500 137
1400 118
1600 137
3200 111
2200 123
2300 145
1500 121
1900 120
1700 128
2100 123
1600 119
4200 131
1700 110
1500 119
1500 106
1000 109
1500 118
2600 130
1600 120
1200 121
1400 124
1600 117
1500 123
3400 137
1400 125
1400 111
1500 114
1600 134
1400 108
1600 137
1500 121
1400 130
1300 118
1400 117
2600 116
2100 115
2100 125
1600 122
1600 126
1400 123
1200 131
1600 130
1800 142
2700 130
1400 121
1500 133
1500 126
3100 131
2000 110
3100 122
1500 124
1900 121
1600 123
2400 126
1700 111
4300 142
1900 120
1400 114
1700 126
1300 105
1200 114
1600 116
1600 120
1700 128
1300 120
1600 125
1800 123
2800 125
1600 124
2100 121
1400 125
1400 112
1500 113
1700 133
1500 133
1500 123
1600 110
1300 128
36400 119
12400 132
14100 130
42000 138
16400 128
19600 123
1600 105
1800 128
2100 125
1500 130
1700 135
2700 126
11600 122
1900 129
1300 136
1400 122
1500 125
1300 125
1500 118
1400 125
1900 121
7700 124
2800 129
1400 134
1400 109
1200 116
1600 122
1900 119
8500 128
1300 116
1800 131
1500 109
1500 112
2600 132
1600 128
1400 123
1400 117
1400 125
1800 119
2100 117
2000 110
3100 137
2200 113
2100 121
2300 126
6200 123
2500 125
2300 122
2400 117
2200 115
2000 113
2500 121
2400 116
2100 123
2400 130
4100 159
4700 128
2400 123
2200 140
2500 115
2000 115
2400 126
2000 117
2500 112
2400 126
2400 113
2500 136
4300 128
2500 122
2800 128
1900 117
2600 128
2300 137
2400 128
2400 115
3300 127
2600 115
2000 117
1500 134
1400 125
2900 114
1300 119
1500 106
1600 128
1600 133
1400 120
1500 117
1500 118
1500 133
1600 118
1600 121
1600 117
2400 117
1500 116
1300 117
1200 121
1400 120
1700 135
1400 128
1200 128
1300 115
1200 132
1600 135
1700 140
2500 124
1500 127
1700 139
1300 119
1600 124
1500 124
1500 119
1400 116
1800 111
1300 122
1400 131
2300 118
1200 112
1300 127
1500 125
1400 122
1400 114
1400 109
1500 132
1500 126
1400 129
1300 114
1600 120
2700 141
1600 133
1900 123
1600 123
1400 133
1300 129
1300 130
1400 138
1400 123
1300 118
1500 122
1200 113
2400 140
1400 131
1300 137
1500 114
1200 129
1700 130
1500 135
1100 127
1200 137
1500 113
1100 133
2100 133
1400 105
1600 118
1700 135
1500 145
1400 126
1600 137
1400 131
1600 113
1100 132
1400 116
2400 120
1600 133
1200 132
1500 114
1400 110
1500 117
1500 129
1200 107
1400 121
1700 122
1500 118
1500 116
1300 112
1300 132
1500 128
1300 129
1300 128
1900 138
1200 128
1400 129
1200 129
1400 124
1200 116
1400 118
2600 110
1200 123
1300 128
1400 122
1600 135
2100 139
1300 132
1700 136
1200 118
1200 132
2300 122
1300 127
1300 133
1300 132
1400 131
1300 119
1200 114
1300 126
1400 128
1300 129
1000 112
1500 116
1100 118
2800 123
1000 123
1400 118
1300 124
1200 122
1100 118
1300 125
1200 115
1000 113
1300 122
1300 138
2200 108
1500 148
1000 132
1200 111
1500 116
1400 128
1400 124
1200 121
1200 110
1900 129
1300 121
2400 120
1900 137
1300 127
1000 132
1400 111
1100 110
1200 109
1200 133
1400 138
1400 124
2600 128
1100 124
1600 125
1400 118
1600 137
1100 107
1300 121
1300 122
1300 129
1200 127
1200 118
1900 109
1500 111
1800 114
1600 114
1900 125
2400 148
1400 136
1000 117
1200 126
1400 123
1200 116
1300 119
2300 114
1500 140
1400 131
1400 119
1300 133
1500 123
1400 116
1500 146
1800 122
1300 135
2400 129
2100 114
2600 132
1800 114
2300 128
1700 117
2000 122
3900 122
1800 120
3200 139
2100 138
2100 123
4700 113
2200 124
2200 118
2300 123
2200 119
2900 124
2700 141
2700 129
1800 119
2700 129
2700 131
2500 122
2700 120
2500 131
2400 122
2300 129
2400 115
1900 133
2200 129
2200 124
1900 126
1800 123
2100 116
2500 118
7100 117
2600 127
2500 114
2100 124
1900 122
2000 133
1900 122
2100 116
2000 114
2400 141
2200 128
3800 134
2100 137
1800 119
2000 128
2000 133
1800 118
1800 113
2100 128
2400 136
2000 121
15300 129
3900 117
2800 113
9200 117
2700 125
6700 132
7200 133
2800 117
2100 130
2200 118
3100 138
2200 116
2700 123
2100 130
2000 119
2200 129
1900 114
1700 111
1800 111
2000 140
2600 118
1700 106
2100 124
2100 122
2500 115
2300 114
4800 123
1900 113
1700 124
1700 124
1700 131
1300 118
2300 132
1600 129
1800 117
1600 120
1400 124
1400 114
2300 113
1300 121
1600 118
1500 127
1400 133
1600 121
1500 116
1400 122
1300 113
1100 116
2400 147
1200 114
2400 130
1200 113
3900 118
1600 118
1700 129
1500 135
1700 122
1500 113
1500 126
1800 135
1500 116
2400 117
1300 119
1500 111
1100 114
1500 132
1400 135
1300 109
1300 118
1200 113
1200 118
1700 117
1500 139
1400 137
1800 138
1500 115
1200 123
1600 131
1300 123
1200 118
1700 128
1400 118
1500 123
2300 118
1500 136
1300 123
1600 125
1200 110
1600 123
1500 132
1300 123
1900 132
1500 132
1600 138
1200 114
2500 127
1500 120
1800 130
1300 128
1200 119
1700 128
1400 132
1300 129
1500 123
1200 121
1800 139
2400 123
1400 120
1800 135
1400 131
1200 129
1300 126
1600 128
1400 120
1700 141
1400 121
1200 117
1500 129
1200 115
2100 117
1200 115
1200 118
1500 134
1600 135
1100 121
1100 117
1400 132
1200 121
1800 129
1300 111
1400 124
1500 123
1400 133
1100 111
1400 123
1400 108
1300 133
1200 128
1500 141
1700 122
1600 113
1200 137
2500 127
1300 144
1300 135
1200 123
1400 121
1300 111
1100 124
1100 117
1200 122
1400 123
1000 122
1400 115
3300 137
1500 125
1400 125
1800 124
1700 128
1300 129
1200 114
1100 139
1400 145
1400 131
2900 145
1300 137
1300 127
1200 128
1300 124
1200 129
1300 110
2000 148
1200 133
1100 123
2400 130
1100 121
1200 118
1100 122
1100 112
1200 131
1300 118
1300 131
1600 138
1900 139
1300 129
4700 139
1500 140
1100 129
1300 127
1400 120
1300 120
1400 132
1300 145
1500 124
1200 112
1200 113
1600 130
2600 128
1300 133
1300 136
1300 119
1600 132
1400 122
1500 118
1500 144
1600 145
1200 132
1600 136
2500 127
1500 123
1100 130
1600 139
1200 110
1500 128
1100 139
1800 118
1100 117
1300 122
1100 124
2400 113
2000 148
1300 132
1200 133
1400 134
1600 120
1300 121
1600 141
1400 123
1400 129
2400 123
1300 128
1200 128
1300 128
1200 109
1400 121
1200 139
1300 115
1500 123
1200 133
1200 123
1000 127
2300 115
2100 156
1300 124
1300 133
1400 128
1300 134
1300 119
1500 126
1200 132
1200 133
1400 140
1400 122
2300 127
1100 137
1200 112
1300 119
2100 131
1400 125
1100 115
1400 128
1200 127
1400 117
1300 114
1400 119
2500 134
1300 132
1600 127
1200 120
1300 125
1100 119
1200 116
1100 121
1400 132
1300 127
1700 139
1100 124
4300 127
1200 128
1400 139
1200 129
1100 128
1600 121
1300 121
1200 127
1100 139
1500 130
2700 146
1300 126
1500 128
1100 116
1700 135
1000 134
1400 129
1300 116
1200 127
1300 139
1200 123
2300 132
1400 127
1300 129
1300 113
1200 128
1400 144
1200 124
1200 128
1200 118
1200 121
1300 127
1200 132
2600 132
1100 135
1300 129
1400 137
1200 112
1100 128
1200 122
1400 124
1300 143
1200 134
1100 123
1100 120
1400 122
1300 135
1100 127
1200 119
1200 128
1000 123
1100 135
1200 128
1000 124
1200 129
1300 113
1000 111
2300 112
1300 133
1100 126
1300 128
1100 117
1100 122
1800 120
1500 131
1600 138
1200 131
1300 120
1200 120
3000 123
1100 125
1400 134
1100 108
1300 118
1500 137
1400 136
1100 118
1400 136
1300 131
1200 117
2500 109
1000 119
1400 127
1900 129
1300 114
1300 134
1000 119
1300 142
1300 132
1600 151
1200 117
2400 121
1300 124
1100 133
1400 133
1800 140
1100 115
1300 137
1300 140
1100 119
1200 127
1600 151
1700 127
2200 112
1300 119
1400 119
1600 129
1300 128
1100 124
1200 119
1300 126
1300 120
1400 145
1200 121
1700 134
2300 143
1400 135
1200 124
1400 134
1300 117
1400 125
1300 129
1500 127
1400 123
3500 171
1600 123
1600 138
1500 124
1800 156
1300 117
1800 140
1400 120
1400 126
1700 138
1400 128
2400 123
2100 119
2000 120
1700 129
1500 123
2200 132
2600 149
1300 123
1800 125
1600 119
1400 118
1600 123
1200 119
1700 120
1700 123
1800 116
1900 127
1500 122
1800 129
1300 128
1800 134
1600 125
3000 128
1900 127
1400 125
1400 119
1600 128
1200 133
1600 122
1600 145
1400 110
1800 139
1500 114
1300 130
2600 121
1200 130
1600 121
1500 113
1800 132
1400 123
1600 142
1500 133
1400 126
1300 125
1400 129
1600 119
2400 128
1500 130
1600 142
1500 120
2600 140
1400 124
1100 127
1700 126
1500 119
1800 131
1100 121
1100 116
2600 153
1400 139
1100 115
1200 125
1500 140
1400 123
1500 125
1200 128
1200 137
1400 121
1300 114
1100 123
2800 110
1300 125
1100 123
1500 133
1400 127
1700 127
1100 123
1400 131
1100 121
1400 134
1600 130
2600 132
1100 122
2000 149
1400 124
1500 143
1300 126
1500 127
1500 138
1400 134
1200 121
1400 123
3000 132
1300 132
1400 132
1100 119
1200 137
1300 114
1300 125
1200 141
1600 127
1500 144
1400 126
1400 138
2400 153
1200 127
1700 126
1700 140
1300 120
1500 126
1900 130
1500 125
1400 143
1300 140
2400 127
1400 131
1400 122
2000 120
1200 124
1500 139
1100 122
1200 131
1400 129
1400 131
1400 129
1900 126
2900 133
1600 148
1300 118
1200 126
1500 149
1300 134
1500 117
1200 125
1400 149
2000 129
1500 140
2400 138
2100 132
1300 125
1200 114
1300 140
1400 128
1300 134
1300 120
1500 148
1800 139
1300 122
2400 132
1400 121
1700 139
1500 132
1500 123
1400 120
1300 129
1500 120
1300 123
1300 133
1700 140
2800 120
1500 140
1200 135
1400 114
1300 117
1300 149
1400 118
1200 117
1300 120
1300 149
1800 132
2900 146
1300 127
1500 125
1500 135
1300 125
1200 121
1400 133
1000 133
1400 133
1600 149
1300 138
4800 131
1600 126
1200 115
1700 132
1300 131
1400 137
1000 152
1600 143
1100 124
1200 117
1400 127
1300 139
1600 118
1500 125
1400 149
1400 114
1400 129
1200 119
1400 140
1100 137
1200 119
1200 132
4000 127
1300 134
1600 117
1500 123
1200 120
1300 140
1100 131
2000 147
1800 147
1400 127
1400 143
2400 135
1200 125
1400 123
1300 133
1500 131
1400 120
1400 120
1300 154
1500 138
1300 120
1200 130
1200 135
2700 131
1400 120
1400 126
1500 123
1900 157
1500 131
1300 145
1400 154
1800 126
1300 130
2500 128
1700 125
1200 143
1300 126
1400 122
1300 136
1200 121
1200 122
1100 113
1300 117
1300 124
1100 137
1100 134
4500 139
1200 119
1600 139
1300 122
1300 120
1100 138
1600 126
1100 137
1100 134
1300 130
1400 127
1500 139
1400 116
2400 130
1100 125
1400 139
1300 126
1300 142
1700 125
1400 128
1200 124
1500 144
1600 122
2700 132
1300 135
1200 117
1100 130
1300 123
1300 135
1600 125
1400 124
1400 124
1300 128
1500 121
1500 130
1400 121
2500 126
1500 130
1300 131
1400 130
1600 134
1300 123
1400 131
1200 136
1100 130
1300 127
1200 137
1300 145
3000 145
1300 124
1200 120
1200 116
1100 130
1400 120
1200 114
1200 113
1400 121
1300 119
1200 142
2700 132
1200 121
1300 126
1200 119
1300 122
1300 149
1400 132
1300 144
1300 136
1400 130
1500 148
3000 140
1400 120
1300 136
1400 117
1600 139
1500 144
1200 122
1300 125
1900 131
1500 122
2600 140
1300 125
1200 143
1200 119
1800 140
1400 126
1200 121
1100 113
1100 134
1900 159
1400 138
1600 145
1300 134
1300 122
1200 129
1100 113
1300 149
1600 140
1400 131
1300 140
1400 124
1400 133
2500 121
1400 139
1200 148
1500 128
1500 123
1000 130
1900 125
1200 125
1400 125
1300 139
1400 130
2500 126
1300 131
1100 125
1300 124
1100 120
1300 134
1200 130
1200 115
1200 113
1000 124
1500 152
1400 125
3100 138
1500 145
1500 134
1100 139
1300 125
1100 144
1200 130
1200 134
1300 119
1200 116
1300 118
2500 149
1500 137
1200 126
1200 134
1200 149
1700 141
1400 130
1300 121
1200 124
1400 119
2500 139
1500 142
1500 124
1300 126
1700 139
1200 126
1600 134
1400 131
1300 126
1200 128
2700 149
1200 132
1600 148
1400 135
5300 119
1300 135
1300 140
1300 130
1100 130
1600 128
1300 131
1400 118
1400 132
1400 138
1500 125
1300 122
2000 149
1500 133
1300 120
1000 120
1300 143
2300 126
1400 140
1500 127
1600 121
1400 126
1300 120
1200 124
1500 129
1500 124
1600 125
1400 140
1200 116
1600 122
1600 130
1300 121
1600 144
1600 133
1400 144
1300 123
1600 121
1300 138
1000 117
1100 124
2900 128
1800 132
1400 140
1400 130
1600 120
1500 121
1600 135
1200 133
1400 142
1300 139
1600 135
3600 132
1500 128
1200 125
1600 126
1900 138
2900 140
2700 143
1900 138
2100 143
2000 140
2300 139
5100 130
2300 143
2300 127
2200 125
3500 158
2600 135
2400 134
2900 141
2400 149
2100 149
1900 127
2200 153
2300 130
2300 129
2600 132
1900 128
2500 148
2700 123
2200 126
2500 125
2000 125
2100 134
3700 126
2400 135
2200 121
1800 110
2300 128
2800 136
1800 114
1700 115
2200 123
2200 140
1900 117
4600 135
1900 117
2200 122
2300 125
2500 129
2100 120
2400 128
2200 133
2800 124
2900 131
3100 126
2200 124
4500 127
3200 134
2800 123
2600 117
2200 125
2900 135
2900 130
2500 123
3200 141
2400 123
2500 122
5000 125
2600 121
2700 138
2600 124
2900 134
2000 126
2700 138
3100 147
2600 130
2100 131
2500 120
2400 130
2400 142
2400 125
2500 122
2100 125
2500 123
2100 120
2500 145
2200 145
2800 138
2400 125
2400 121
2900 132
2700 127
2500 131
2500 135
3000 130
2400 124
2700 144
2700 134
2700 130
2700 135
4800 124
3200 140
5700 170
2700 131
2600 135
2000 121
2400 125
3100 139
2000 120
2800 145
5200 149
2400 127
2600 128
3300 140
2500 123
2300 138
2900 137
2400 134
2800 137
2200 124
2400 141
4500 126
2300 128
2200 143
3100 139
2900 137
2400 117
2800 133
2300 131
2600 131
2200 134
3300 142
4700 122
2600 129
2500 145
2800 129
2400 126
2700 141
2700 137
1900 123
2400 129
2500 130
2300 133
2300 129
4400 130
3100 139
2400 145
2600 130
3200 156
2600 127
2300 136
2700 130
2400 130
2400 127
5000 142
2500 120
2300 125
2500 127
2500 131
2500 121
2900 150
2600 146
2000 146
2200 117
2600 121
2400 119
5000 130
2500 149
2600 144
2800 130
2400 125
2300 121
2200 139
2500 126
2200 125
2100 129
2300 140
5300 140
2400 128
2600 150
2200 150
1900 121
2500 125
3000 147
2800 129
3100 150
5100 139
2400 128
2600 138
2700 132
2500 123
3200 142
2800 123
2500 121
2000 122
3300 146
2300 121
2200 128
4500 139
2300 127
2600 122
2600 140
2000 125
2200 121
4800 126
2600 131
2300 137
2300 136
2200 124
4600 141
2400 132
2300 138
2200 123
2700 154
2600 139
2700 142
2700 128
2800 128
2200 131
2100 138
2500 129
3500 157
2500 132
2500 135
2900 132
2500 132
2700 136
2400 126
2300 126
2300 132
2400 134
3900 131
2400 130
2500 129
1900 126
3100 148
2300 125
2300 132
2100 117
2100 120
2400 121
2100 121
2500 134
4300 141
2700 137
2300 130
2200 124
2200 138
2400 134
2200 134
2400 134
2400 131
2400 121
2300 129
1900 116
3900 134
2400 134
2600 147
2400 132
2000 117
2100 121
2300 135
2000 130
2400 120
2200 130
2500 141
4200 134
2000 123
2000 128
2200 120
2500 127
2200 135
2300 137
2400 127
2300 133
2000 128
2200 131
2400 127
2300 117
4400 141
2700 137
2600 153
2400 133
3400 142
3000 142
2300 126
2300 129
3100 132
2600 134
5300 132
2500 125
2500 136
2600 132
2400 121
2300 123
2800 150
2600 133
3500 148
2400 144
2400 132
3900 149
3900 149
2600 134
2400 130
2200 134
2500 124
3000 140
3400 130
2300 126
2800 141
2400 138
4700 139
2400 149
2500 127
2300 126
2500 134
2700 148
2300 140
2400 126
2500 132
2400 135
3000 149
2200 139
2700 129
2100 121
2900 135
2100 129
2600 132
2500 127
2200 121
1800 126
1700 120
2200 121
4300 139
2400 119
3600 159
2700 153
2400 123
2100 127
2700 149
2100 117
2000 110
2400 124
2000 115
2100 145
4800 135
2100 124
2600 134
2600 131
2200 128
2900 132
2500 139
2000 127
2300 137
2600 144
2200 119
3000 139
4800 135
2400 134
2200 149
2200 135
4900 135
3300 134
2800 132
3300 132
2800 129
2700 125
3100 126
2400 118
5000 132
2500 132
2500 117
2700 144
2900 144
3000 138
2400 128
3200 134
3100 130
2200 132
3300 134
2300 124
5200 128
2600 149
2600 126
2300 131
2700 123
2300 122
2900 136
2200 125
2300 137
2200 130
2900 138
2600 135
4100 123
2100 118
2400 129
3100 136
2800 139
2800 135
2900 144
2700 130
2300 128
2300 124
2400 134
5100 126
2200 131
2700 142
2800 139
2700 138
4100 136
2500 128
1900 132
2500 127
2900 126
2700 130
2400 123
2500 117
4800 140
2800 140
2700 124
2600 135
2400 131
2400 134
2400 131
2300 130
2300 130
2500 129
5500 142
2400 132
3400 131
2000 128
2700 150
2500 123
2200 121
2300 125
2900 132
2400 134
2600 135
4000 140
2700 130
2600 142
2100 117
2300 139
3100 150
2100 149
2400 134
3500 149
4800 139
2200 139
2500 138
2400 123
2300 122
2500 136
2600 149
2600 136
2700 149
2400 138
3000 123
2600 120
4500 122
2800 132
2500 121
2300 135
3000 131
2000 137
2400 135
2700 136
2300 132
2500 132
3000 120
5000 149
2500 144
2400 123
2500 156
2500 149
2600 135
2500 121
2300 136
2300 134
2400 124
4100 121
2300 128
2700 143
2400 144
2400 121
1900 128
2200 150
2200 114
2500 150
1800 117
2900 140
2700 148
4000 122
2600 117
2200 120
2200 138
2300 121
3100 149
2300 134
2800 126
3700 141
2400 119
2800 140
5300 128
2600 129
2700 132
3200 147
3200 131
3200 142
2200 125
2300 125
3200 129
4100 133
2900 128
2100 127
2600 123
2800 149
2700 144
2200 137
2700 135
1900 135
2900 137
2900 129
2600 133
2400 132
2600 132
2600 132
4500 148
3200 149
2400 121
2500 148
2700 148
2300 139
2600 136
2200 118
2300 133
2800 149
2100 149
4400 136
2000 121
1900 137
2500 131
2300 149
2800 129
3000 129
2000 117
2700 138
2500 130
3200 129
5300 150
2400 124
2300 128
2400 133
2900 131
2300 131
2400 126
2500 127
2300 127
2300 129
2100 119
2200 121
2900 132
2800 135
1800 125
2300 128
2600 143
2100 131
2100 135
2200 125
2400 126
3000 126
2600 142
6200 127
2800 131
2500 121
3000 142
3100 135
2200 132
2300 139
2700 132
2200 124
2500 128
2100 143
2900 135
2800 126
2200 127
2400 145
2300 128
2500 128
2600 136
2400 129
3200 142
2400 138
2600 134
2700 138
1900 130
2100 117
3200 125
2100 117
1900 126
2700 149
2200 126
2700 120
2800 139
2500 126
3900 127
2500 127
2700 149
3000 153
2200 133
2200 121
2300 126
2300 134
2300 140
4800 148
2200 128
5000 148
2700 141
3100 141
2600 136
2500 146
2600 117
2700 135
2600 130
3100 141
2600 142
2400 119
2300 124
7600 134
2900 124
2300 134
1900 117
2600 137
2400 130
2300 121
3300 150
2300 121
2400 127
2400 125
2900 129
4000 138
2500 136
3000 126
3400 143
2500 135
2500 134
2100 126
2300 117
2600 147
2400 130
2300 124
2000 121
5400 149
2700 124
2000 117
3300 148
2300 132
1800 124
3200 132
2800 129
2700 144
2900 138
2200 119
2300 126
2200 134
2600 123
2800 149
2300 130
3200 148
2800 130
3100 134
2400 140
2900 141
2500 137
6700 121
2300 132
3200 150
2700 136
2500 125
2500 135
3200 138
2600 144
2500 130
2300 130
2300 117
3500 117
2200 120
2400 130
2800 131
2600 142
2100 117
2600 144
2700 125
2100 131
2300 136
1900 120
2700 145
4400 131
2400 144
2500 123
1700 121
3300 148
3100 136
2200 130
3400 148
2700 140
2800 136
5100 145
2600 141
2400 122
2700 138
2400 139
3100 131
3100 155
2400 133
3100 150
4000 140
2400 132
5000 137
2400 141
2900 135
3500 139
2500 146
3000 131
2400 129
2400 132
2000 150
2300 121
2900 125
6100 142
2600 145
2900 132
2800 131
2800 132
2500 128
2700 129
2600 140
3800 157
2500 126
4400 128
2500 138
2200 139
2700 126
2800 127
1800 129
2500 123
3300 138
2400 131
2300 131
2300 144
2100 131
4400 144
2200 127
2400 126
2500 126
2700 131
2600 133
3700 158
2300 146
2600 149
1700 141
2400 120
3900 130
2600 130
2500 137
2500 129
2500 134
2900 138
2300 138
1900 120
2700 117
2000 135
2300 142
3400 114
2200 137
2700 132
2500 146
1700 137
2300 127
2800 129
2900 143
2900 135
2600 139
2400 124
4800 125
2300 120
2300 132
2400 126
2300 126
2500 143
2300 136
1900 128
2200 130
1700 135
2500 150
4700 144
2500 150
1900 138
2300 141
1700 141
2600 132
2500 131
3300 155
2200 126
2400 123
2500 147
2400 127
4000 129
2100 137
2300 136
2700 134
2200 150
2200 120
1900 149
1900 121
2100 126
2300 132
2100 138
3800 150
4400 146
2000 137
2100 126
2500 138
2200 130
3300 139
2300 124
2300 127
1900 120
2000 134
2400 133
3900 129
2300 144
2300 137
2300 134
2100 146
2500 148
2400 128
2100 120
2300 139
2700 132
2200 128
2200 133
4100 129
2000 124
2600 150
2200 117
2200 136
2000 137
2400 125
3000 144
2400 123
2500 143
2600 143
2900 150
5800 139
2400 134
2600 126
2400 143
2500 141
2300 135
2700 142
1900 133
2700 127
2900 155
4700 131
2400 120
2000 134
3000 127
2300 137
2300 123
2900 155
2700 140
3000 130
1900 123
2900 146
2300 127
4400 155
2700 130
2200 124
2600 123
2800 131
2900 113
2400 125
2600 114
2600 130
2400 128
1800 128
12400 121
4400 137
2600 129
2500 120
9500 132
2900 135
2200 120
2100 121
2800 125
2400 134
3600 142
2500 123
2900 150
2500 134
2500 132
2300 134
2100 138
3600 132
2300 146
2200 117
2400 126
2600 148
2300 128
2200 124
3000 130
5200 130
2600 134
3300 150
2800 130
2200 132
2400 134
3000 132
2200 137
2100 134
3900 125
3400 149
2600 133
2900 131
4400 133
3000 127
3300 141
4200 149
3100 124
2600 126
2500 144
2200 128
1900 130
2200 137
5100 125
2300 122
2400 124
3100 125
3200 159
1900 125
2300 136
2200 153
2100 121
2600 123
4700 142
2400 139
2900 140
2000 125
2300 128
2400 136
2200 123
1700 122
2000 128
2800 143
2700 137
2100 136
3500 143
2400 121
2600 139
3000 136
2900 149
1500 116
1500 147
2000 135
2000 143
2400 134
2100 148
2900 135
2900 129
1700 132
1700 135
1700 130
1700 124
1300 125
1500 126
1400 137
1700 125
1500 150
1300 138
1700 137
2900 138
1300 127
1700 149
1300 147
1400 144
1700 156
2100 169
2000 132
1500 148
2900 149
1800 138
1700 159
1600 119
1700 149
1500 123
1700 137
1400 124
1600 132
1200 136
1400 136
2900 141
2200 151
1800 125
1900 120
2800 169
1800 135
1700 131
1900 151
1400 129
2800 136
1900 135
1500 130
1500 147
1600 123
2100 151
1300 138
1400 123
1500 132
2000 142
1500 135
1600 138
3000 126
1900 148
2200 135
1300 123
1500 154
1400 138
1000 135
1600 126
1800 148
1500 146
1500 134
1500 135
1500 144
2700 125
2600 132
1600 151
1300 149
1700 156
1500 135
1400 120
1200 119
1400 131
1600 134
1300 131
2600 150
1800 141
1500 140
1500 125
1700 159
1700 135
1300 131
1100 126
1600 131
1600 145
1400 142
2300 140
1800 140
1300 126
2000 147
1500 122
1900 140
1400 127
1500 126
1500 132
1600 121
1500 134
1700 120
1200 131
1600 131
1400 140
1600 157
1600 136
1700 126
1200 127
1300 144
1400 125
1500 125
1600 122
2700 168
1300 131
1600 150
1100 130
1500 131
1500 130
1900 139
1300 125
1800 138
1200 121
1600 130
2500 141
1200 156
1600 127
1300 138
1800 136
1900 147
1500 157
1200 128
1600 137
1100 135
1300 136
2300 117
1600 140
1500 128
1400 135
1200 130
1600 135
1400 125
1300 151
1300 148
1700 147
1800 130
1500 135
2400 132
1700 117
1600 141
1500 136
1600 142
1800 138
1300 135
1700 153
1400 131
1900 127
1000 125
1700 131
3500 152
1400 155
1500 141
1400 132
1700 141
1400 143
1500 145
1500 136
1200 126
1200 129
1500 132
1500 131
2800 132
1600 137
1600 126
1300 151
1900 131
1500 130
1500 142
1400 141
1300 126
1300 134
1400 152
3000 121
1400 131
1600 123
1500 137
1700 135
1300 134
1800 152
1200 123
1400 136
1600 151
1300 154
2300 142
1200 136
1500 121
1300 130
1500 134
1600 137
1500 137
1000 132
1100 146
1000 132
1400 127
2600 135
1300 125
1400 144
1500 117
1400 127
1300 120
1700 128
1500 140
1400 118
2500 143
2000 131
1900 155
2000 130
1500 116
1300 123
2200 149
1400 126
1700 136
1500 131
1500 129
1600 136
1800 141
3000 130
1600 129
1800 117
1600 129
1900 157
1300 121
1800 152
1700 144
1500 126
1700 130
1400 123
2800 136
1400 134
1700 120
1900 151
1200 127
1600 136
1500 122
1600 137
1500 134
1600 143
5600 129
1600 129
1300 151
1200 123
1100 127
2400 158
1200 135
1600 123
2000 142
1600 131
2300 130
1400 130
1600 144
1900 151
2900 149
1600 124
1800 129
1600 136
1300 142
3600 140
1200 128
1900 159
1300 138
1300 129
1200 120
1500 126
1500 113
1500 138
1800 131
1600 120
2100 127
1900 129
1800 135
1300 151
1700 144
1800 134
1600 147
1700 140
1800 154
1500 127
1400 125
2400 144
1300 125
1200 120
1300 148
1300 132
1300 130
1100 139
1300 137
1100 146
1300 136
1400 130
1900 156
1400 129
1100 131
1700 153
1100 125
1500 148
1300 137
1700 119
1500 142
1700 149
1500 140
2900 130
1600 151
1400 138
1600 133
1500 126
1000 125
1500 132
1300 128
1300 132
1600 133
1700 124
1300 120
1400 142
1400 131
2100 144
1300 126
1500 140
2000 148
1500 136
1600 151
1500 140
1300 124
2400 126
1200 136
1000 121
1500 140
1600 150
1700 150
1300 136
1000 117
1200 134
1400 131
1200 125
1100 137
2800 136
1600 130
1500 132
1200 121
1800 138
1200 124
1600 147
1600 143
1200 129
1400 130
1300 154
1300 135
2500 130
1000 132
1600 130
1000 136
1700 129
1400 133
1000 128
1600 135
2100 144
1200 128
1700 145
1400 149
1700 137
1500 149
1400 127
1500 130
1100 136
1300 133
1200 128
1400 145
1700 131
1700 150
1300 133
1300 129
2600 133
1200 124
1800 155
1400 140
1500 139
1500 138
1400 138
1300 137
1100 136
1500 143
1100 118
3000 143
1400 139
1300 131
1400 158
1500 123
1400 138
1400 129
1300 150
1500 151
1700 144
2400 144
1300 140
1100 129
1500 128
1400 135
1400 138
1300 154
1600 125
1600 147
1400 134
1400 146
1600 129
2600 138
1400 121
1500 136
1100 141
1300 133
1300 123
1400 146
1400 147
1600 157
1300 136
1400 130
1100 132
2600 149
1300 145
1700 131
1600 136
1300 156
1200 124
1400 145
1200 118
1300 140
1100 153
1100 140
1300 143
2100 128
1300 129
1600 139
1300 143
1400 121
1100 137
1400 120
1500 135
1400 149
1400 149
1100 129
1200 129
1400 127
1600 151
1500 151
1400 136
1000 135
1800 141
1300 136
1300 123
1100 123
1200 150
1600 139
2500 131
1200 126
1100 128
1700 150
1300 146
1200 123
2200 141
1500 142
1300 128
1300 136
1300 130
1300 136
2500 125
1200 124
1200 136
1100 128
1500 149
1500 142
1300 135
1600 134
1200 121
1500 139
1900 143
2400 152
1200 128
1200 138
1700 155
1400 153
1300 130
1600 147
1300 151
1500 155
1500 142
1700 140
2400 149
1500 128
1400 135
1500 135
1000 142
1300 137
1400 128
1000 138
1700 156
1600 152
1300 121
1400 133
2400 115
1200 130
1500 150
1900 158
1300 132
1500 135
1600 147
1400 141
1700 133
1300 135
1600 128
2500 121
2200 141
1200 125
1400 140
1300 148
1500 131
2000 151
1600 140
1600 143
1500 130
1500 136
2500 149
1300 127
1200 125
1100 135
1200 134
1200 139
1600 129
1100 119
1600 148
1100 142
1600 129
1500 139
1700 146
2700 135
1700 125
1300 128
1400 150
1600 136
1000 117
1100 130
1400 154
2000 145
1300 127
1300 133
1200 134
2500 130
1400 141
1100 125
1700 149
1700 158
1300 129
1200 132
1500 157
1800 141
2900 131
1800 135
1300 143
1400 127
1500 139
1500 129
1400 125
1900 129
1100 139
1400 127
1200 132
1100 135
2200 148
1200 135
1100 123
1200 137
1300 120
1800 136
1500 144
1500 127
1600 135
1400 134
1600 143
2600 157
1400 136
1300 141
1500 133
1700 148
1400 131
1400 157
1700 166
1300 136
1600 143
1600 144
4400 132
1800 140
1400 136
1300 117
1200 135
1200 127
1600 145
1100 130
1000 130
1700 150
1300 127
2600 130
1100 140
1300 122
1500 136
1200 140
1300 124
1100 144
1500 130
1300 130
1200 136
1300 133
1400 126
2600 137
1200 132
1300 132
1100 131
1200 139
1400 135
1300 119
1100 141
1100 131
1700 133
1500 151
1400 138
2800 151
1100 121
1700 136
1300 139
1800 149
1100 140
1100 128
1900 141
1500 135
1200 136
2500 139
1600 158
1500 132
1400 158
1300 139
1900 145
1500 154
1300 122
1400 135
1300 132
1100 129
2700 140
1400 142
1500 136
1200 126
1400 134
1400 136
1300 135
1300 127
1300 133
1500 121
1400 140
2900 122
1400 151
1500 128
1400 148
1300 134
1000 139
1400 159
1200 134
1900 136
1600 156
1300 146
1200 131
2600 127
1300 129
1100 129
1500 151
900 121
1600 127
1700 149
1200 129
1200 133
1200 133
1300 122
2400 124
2000 131
1600 156
1400 127
1600 139
2100 157
1100 123
1400 139
1300 137
1700 128
1300 132
1400 133
2400 158
1500 136
1400 129
1600 138
1200 149
1700 140
1500 127
1300 126
1300 135
1200 136
1400 150
1500 129
2500 130
1600 127
1300 134
1300 121
1200 116
1400 142
1500 156
1300 153
1100 136
1400 137
1700 132
2500 140
1100 134
1300 135
1200 151
1600 151
1500 157
1900 159
1200 136
1400 147
2500 134
1700 140
1200 131
1500 132
1600 154
1400 151
1500 151
1400 137
1400 128
1300 165
1700 140
1200 130
2500 143
1700 141
1400 146
1800 148
1600 156
1100 136
1300 140
1400 134
1600 144
1900 149
2600 137
1600 155
1200 128
1700 151
1300 135
1300 133
1500 128
1700 135
1400 145
1100 145
1300 138
1600 137
1300 134
1300 128
1200 144
1400 148
1700 126
1200 145
1500 130
1300 143
1200 140
2200 144
1300 127
1600 157
1000 129
1300 143
1300 133
1500 141
1300 130
1600 141
1300 132
3000 140
1500 135
1400 115
1200 145
1200 129
1300 133
1200 128
1300 125
1500 129
1500 125
1100 151
1200 121
2600 143
1400 140
1300 142
1000 119
1300 132
1400 135
1600 164
1300 134
1300 151
1300 149
1300 162
2500 138
1200 124
1800 140
1600 152
1000 124
1400 142
1300 133
1100 130
1600 141
1400 149
1400 135
1300 148
1300 123
1300 138
1100 133
1500 134
1200 159
1400 138
1200 129
1400 141
1900 144
1300 123
2200 130
1300 138
1600 141
1600 137
1600 127
1200 127
1500 134
1400 151
1100 131
1300 132
1400 126
1200 119
2400 130
1700 135
1600 154
1200 126
1300 127
1400 126
1100 130
1400 137
1300 132
1000 132
1500 132
1400 144
2300 144
1700 144
1600 138
1600 134
1300 142
1100 139
1500 130
1400 149
1200 137
1100 155
1600 148
1700 135
2600 133
1300 142
1600 126
1200 129
1200 128
1200 136
1400 140
1600 151
1300 154
1200 127
1200 122
1000 132
3300 136
1600 134
1700 155
1100 135
1300 134
1300 119
1200 137
1200 130
1700 153
1400 137
1100 137
1300 133
2500 130
1300 142
1300 123
1200 146
1500 145
1500 147
1200 130
1300 134
1400 140
1500 139
1400 147
2200 142
1300 125
1600 151
1300 122
1600 148
1500 132
1500 150
1300 144
1400 126
1400 146
2400 136
1500 144
1500 138
1200 143
1200 148
1200 127
1400 151
1400 141
1100 123
1500 150
1500 130
2600 122
1300 140
1500 151
1400 126
1100 128
1200 138
1300 130
1300 131
1300 152
9700 159
1800 154
1400 127
1300 115
1500 159
2100 129
1000 118
1600 136
1500 135
2100 156
2600 136
1500 128
1700 127
1500 138
1400 137
2600 167
1500 139
1400 141
1100 129
2000 126
2600 129
1400 135
1500 143
1100 149
1200 136
1500 129
1200 139
1700 159
1100 135
1500 150
1400 162
1500 138
2700 133
1400 152
1600 139
1400 155
1200 125
2800 128
1500 127
1800 148
1400 141
1600 134
1400 141
2200 124
1500 126
1600 143
1200 131
1300 118
1300 135
2000 142
1300 136
1900 151
1300 126
1500 136
1700 123
1600 145
2500 127
1100 143
1300 139
1300 135
1000 145
1700 139
1300 131
1700 155
1400 126
2400 148
2200 133
2000 132
4100 142
2400 128
2200 135
1800 123
1700 134
2500 137
2200 149
2500 127
2100 151
2400 123
2800 132
1900 118
2500 148
4200 144
2000 127
2300 130
2500 146
2400 123
2000 135
2900 149
2700 143
2000 126
2600 138
2300 126
4500 163
2500 141
2500 140
2500 141
2400 131
2200 136
2800 159
2200 133
2300 147
2000 143
2800 145
6500 150
3200 141
2900 151
2200 130
2500 131
3000 126
2200 129
2200 140
2200 144
2300 146
2800 155
4600 147
2600 126
2800 143
2300 134
2400 130
2400 145
1900 135
1700 147
1500 132
1300 136
1800 134
3000 138
1500 131
1800 136
1500 128
1800 156
1500 121
1900 142
1600 123
2200 131
1300 136
1700 148
2700 142
2000 152
1300 134
2000 134
1300 128
1700 134
1000 134
1600 144
1900 134
1800 140
1400 155
2600 136
2100 125
1900 158
1500 133
1000 143
2200 140
1800 151
1800 150
1500 141
2700 142
1900 123
3800 150
2800 137
2200 145
2400 154
2000 128
2000 137
2500 139
2400 143
2000 137
2200 134
1800 129
2200 143
4500 144
1900 137
2500 126
2400 144
2000 130
2200 152
2800 156
2700 136
2300 126
3100 168
1800 145
1600 129
1900 140
1800 136
1700 135
1500 148
1500 118
2200 131
1900 132
1900 144
1800 155
5000 140
2200 166
1400 132
1600 137
1500 128
1700 126
1500 143
1500 140
1600 128
1500 159
2800 150
1700 129
1600 146
1500 141
1400 132
1500 135
1700 146
1800 146
1500 144
1600 128
1500 126
1800 130
2700 147
2500 158
1600 140
1600 138
2400 141
1200 123
1700 137
1600 142
1700 138
2600 145
1800 144
2000 133
1600 133
1400 137
1600 140
2000 158
1600 148
1300 157
1500 151
11200 185
2100 159
1600 132
1700 124
1800 141
1700 137
1400 124
1400 140
1800 134
2800 136
1500 127
1600 137
1500 130
1600 153
1700 143
1700 129
1500 135
1500 139
1200 128
2700 147
3000 136
1900 143
1400 139
1500 134
1600 135
1500 119
1600 138
1600 138
1700 134
1700 141
3200 145
1700 123
1900 137
1800 133
2300 138
2200 144
1900 144
1300 122
1800 151
2600 130
1700 136
1400 133
1500 127
1700 138
1300 136
1700 133
1700 134
2000 142
1600 138
1400 130
2700 133
1500 134
1900 132
1600 131
1700 148
1300 135
1400 137
1700 125
1100 130
1700 134
2500 132
1400 129
1500 121
1300 138
1800 140
1100 121
1400 142
1500 131
1300 133
1400 139
1400 120
2600 128
2000 153
1700 135
1400 131
2100 132
1600 134
1200 134
1400 146
2000 138
1400 134
2800 144
1800 126
1500 138
1700 128
1500 138
1600 118
1500 136
1500 136
1600 136
1700 147
2300 125
1400 130
1900 130
1200 136
1600 143
1600 134
1900 137
1700 135
1600 141
1500 143
1600 126
2300 132
1400 140
1700 136
1500 138
1300 146
1500 127
1200 150
1500 139
1800 135
1600 152
2500 147
2200 135
1700 146
1600 139
1600 143
2000 143
1400 128
1300 133
1500 126
1500 114
1800 138
1200 138
1400 135
1900 144
1300 136
1400 127
1600 142
1400 133
1400 129
1900 137
1600 138
1000 122
2800 160
1600 136
1500 129
1500 139
1200 130
1400 132
1800 139
1200 130
1400 137
1200 133
1300 125
2800 135
2300 161
1200 143
1600 138
1900 134
1400 130
1900 129
1400 138
1300 122
1600 147
2400 147
1600 138
1300 148
1700 156
1400 134
1400 137
1800 144
2200 158
1400 142
2700 132
1700 144
1600 133
1400 117
1500 136
1200 127
2300 144
2300 174
1600 146
1900 132
1600 158
2400 163
1400 136
1500 158
1800 130
1300 139
1400 139
1500 127
1600 157
1500 142
2700 133
1400 134
1400 132
1500 154
1700 133
1400 124
1400 133
1100 133
1600 128
1700 138
2700 144
1700 134
1700 132
1400 129
1800 135
1300 131
1100 131
1700 153
2000 133
1500 125
1500 129
2500 147
2200 136
1400 137
1400 130
2300 145
1600 122
1500 139
2000 136
2300 153
1500 145
1600 156
2700 161
1600 137
1300 136
1400 133
1500 163
1300 144
1500 127
1800 133
1500 133
1200 135
3400 144
1700 132
1500 139
1600 137
1300 133
1600 131
1500 163
1400 139
1500 127
1800 158
1700 151
2700 144
1600 128
1500 142
1700 139
1500 167
1300 154
1400 135
1600 142
1800 135
1500 129
1200 131
2700 137
1300 143
1400 131
1700 130
1400 138
1800 156
1500 129
1600 130
1500 134
1400 138
1600 133
2300 143
1300 139
2500 171
1700 130
1400 125
1500 129
1500 128
1600 139
1300 126
1600 131
2400 128
1600 134
1900 145
1600 131
1400 130
1800 148
1400 150
1500 139
1300 125
1600 133
2100 144
1500 130
1900 147
1900 139
1500 133
2300 143
1500 135
2100 153
2700 156
1800 144
1400 127
1700 137
1700 135
1100 124
1400 130
1700 124
1300 136
1600 138
1300 132
2600 128
2200 143
1500 141
1500 145
1700 128
1600 139
1600 142
1300 121
1600 144
1900 144
3000 145
1400 130
1800 132
1400 133
1500 143
1500 127
1700 130
1600 163
1400 125
1200 128
1900 124
3000 152
1400 127
1900 144
1500 139
1700 123
1500 143
1700 154
1500 127
1400 124
1700 136
2800 125
1600 148
1600 145
1400 132
1800 133
1600 127
1600 157
2100 142
1500 149
1300 138
1600 134
2800 137
1500 152
1100 134
1400 121
1500 127
1600 155
1600 139
1500 130
1600 131
1700 163
1500 133
1400 132
2900 163
1300 133
1200 139
1400 139
1300 127
1400 129
1600 139
1500 137
1600 127
1300 157
2900 121
1500 127
1600 138
1300 133
1600 133
1800 131
1800 163
1700 133
1300 138
1600 150
2500 119
1600 131
1700 134
1700 153
1800 146
1700 144
1500 125
1400 130
1400 129
1400 139
2300 151
1500 136
1400 132
1800 152
1300 130
1600 153
1700 125
1300 137
1300 150
1200 130
2100 139
2600 163
1600 158
1600 127
1700 142
1700 139
1900 158
1500 156
1700 137
1600 137
1100 138
1400 134
2500 126
1800 135
1300 155
1800 136
1800 142
1500 132
1200 152
1400 127
1500 129
1800 144
1600 138
2400 125
1800 137
1600 153
1600 136
1400 162
1600 125
1700 156
1600 131
1700 134
1400 138
3100 163
1300 128
1000 137
1800 125
1500 139
1500 124
2300 154
1600 153
1900 148
1500 137
2600 140
1400 132
1600 158
1600 131
1200 125
1600 148
1200 153
1500 143
1600 142
1400 133
1400 130
2400 127
1500 136
1800 143
1500 121
1900 137
1300 134
1700 138
1500 134
1500 139
1600 131
1600 137
2700 134
1500 135
1500 134
1600 137
1400 138
1300 138
1600 129
1300 143
1500 134
1600 131
1300 127
1700 152
2400 142
1100 133
1400 158
1300 138
1500 145
2600 151
1500 141
1500 150
1500 143
1500 131
1300 136
1800 125
1400 144
1700 132
1200 131
1400 132
1600 129
2000 156
1600 157
1400 127
1200 137
1900 131
2500 139
1400 134
1700 130
1300 129
1700 143
1700 134
1600 151
1500 130
1800 131
1600 148
1900 133
1500 139
4900 136
1700 145
1900 153
1400 147
1700 148
1200 154
1700 130
1400 129
2100 129
2900 161
1500 138
1400 122
1600 134
1200 136
1700 134
1600 130
1700 144
1400 135
1400 124
2400 125
1600 145
1300 134
1800 131
1300 151
1300 139
1300 145
1600 150
1400 138
1300 127
1200 144
1600 157
2600 137
1600 155
1500 130
1900 129
1700 139
1700 131
1800 132
1500 129
1600 132
1800 136
1800 152
1400 133
1600 133
1900 157
1500 139
1300 131
1600 151
2000 139
1400 136
1100 119
2700 163
1500 138
1500 145
1300 129
1300 132
1800 139
1600 136
1400 155
1600 131
1400 131
2700 135
1600 167
1900 134
1500 152
1500 145
1700 144
1800 135
1300 152
1800 149
1400 126
1600 132
2000 138
1500 145
1600 141
1400 144
2000 151
1500 159
1600 156
1400 125
1500 136
1400 127
2800 133
1500 138
1700 152
1800 133
1300 137
1200 132
1900 131
1900 141
1300 139
1500 132
1800 163
2600 142
1300 131
1500 127
1200 127
1000 124
1800 135
2000 160
1500 154
1800 132
1500 143
4300 130
1700 128
1600 156
1600 138
1900 128
1700 138
1700 128
1200 137
1100 130
1100 127
1600 153
1300 131
1400 143
1400 135
1400 126
1400 163
1600 148
1400 126
1000 134
1500 131
1200 144
1400 133
1500 139
2700 167
1900 147
1700 143
1400 134
1600 123
1700 131
1500 129
1800 152
1800 142
1300 133
1600 150
2300 132
1400 133
1900 153
1500 138
1500 131
1500 152
1700 138
1600 144
1400 127
1400 158
3100 137
1500 128
1800 163
1400 130
1400 152
1100 135
1500 155
1800 148
1700 135
1500 130
3900 161
1400 131
1400 125
1600 155
1000 148
2000 144
1500 126
1800 128
1400 152
1300 130
1200 152
2700 138
2000 142
1400 153
1300 135
2000 157
1400 148
1500 127
1300 138
1700 131
1700 157
1700 128
1500 128
3200 161
1500 127
1500 136
1500 131
1500 142
1400 126
1500 132
2500 135
2000 152
1700 152
2200 128
6000 142
2100 137
2100 134
2100 144
1600 157
1700 162
2300 144
1900 128
1900 147
1500 129
1600 138
2800 132
1500 144
1900 136
2200 136
1900 136
2700 153
2000 134
1700 147
1900 128
2800 139
1600 145
1700 145
1300 131
1700 154
2100 153
2000 139
1900 143
1800 128
2800 152
1800 131
1500 134
1600 136
1500 132
2000 145
1400 124
1500 133
1800 131
1800 152
2700 123
1700 151
1400 142
1900 128
1300 148
1800 145
1800 138
1300 126
1500 137
1300 135
1600 163
2800 137
1600 143
1600 135
1600 151
1400 144
1500 137
1600 156
1900 156
1600 136
1400 136
3800 153
1800 146
1500 132
1400 153
1600 156
1700 132
1800 151
1400 121
1600 150
1600 138
2400 139
2500 135
1600 136
1800 131
1300 139
1700 147
1600 129
1500 126
1800 137
1500 145
3000 152
1400 158
1600 141
1500 151
1800 144
1800 130
1700 154
1400 123
1600 130
1200 129
1500 139
5000 144
1400 130
1200 121
1600 137
1400 130
1500 146
1400 136
1300 121
1400 158
1700 142
1500 132
2800 156
1600 160
1600 139
1200 139
1300 137
1900 127
1400 152
1400 157
2000 127
1700 151
1200 145
4800 126
1600 153
1500 121
1600 131
2000 147
1500 127
1500 134
2000 138
1200 126
1200 125
1200 124
2300 134
1700 163
1800 138
1900 133
1500 139
1300 137
2000 156
1400 130
1600 131
1400 144
1500 134
2200 143
1500 149
1300 130
1700 145
1500 131
1500 134
1500 131
1500 133
1400 132
1600 147
1400 139
1600 137
2600 135
1600 148
1600 130
1500 129
1800 131
1700 131
1600 145
1600 131
1500 136
2900 133
2100 148
1600 138
1600 141
1300 131
1200 125
1600 155
1700 147
2500 135
2300 145
2200 163
2700 133
1800 138
1400 129
1400 130
1600 134
1400 135
1500 135
1900 159
1400 130
1400 131
2900 128
1400 133
1900 131
1500 139
1600 138
1500 137
2200 132
1600 134
1700 128
1500 141
1400 145
2400 156
1200 131
1600 135
1500 134
1500 134
1500 151
1100 128
1900 153
1600 134
1400 125
1300 131
1200 128
2600 134
1900 130
1600 137
1400 128
1700 143
1700 147
1700 148
1400 130
1400 139
1700 163
2500 138
1600 137
1700 131
1400 149
1600 141
1300 130
1500 132
1600 131
1200 125
1300 146
1300 136
2800 135
1600 145
1600 144
1800 145
1500 144
1700 152
1400 132
1500 149
1600 143
1300 138
1500 129
1400 133
1300 130
1200 141
1300 125
1200 137
1700 134
1300 121
1700 148
1600 130
1800 139
1700 142
1500 152
1700 136
1500 148
1500 126
1400 137
1400 137
1700 162
1600 129
1600 128
4300 158
1500 129
1400 137
1100 134
1600 141
1800 125
1400 131
1300 128
1000 129
1400 124
1600 131
1500 157
2700 144
1800 143
1700 141
1400 134
1500 124
2000 163
1500 127
1600 130
1500 142
1400 131
1700 134
7100 142
2400 168
1600 135
1500 130
1500 139
1600 126
1800 163
1600 133
2800 141
1600 133
1300 130
1700 130
1600 132
1800 149
1800 142
1400 130
1800 151
1400 135
1700 142
1300 132
4400 140
1400 130
1800 137
1900 130
1800 128
1700 133
1500 134
1400 129
1300 125
1400 151
1900 140
3500 162
1900 135
1600 151
1400 130
1300 131
1300 124
1900 162
1300 133
1400 125
1700 134
4100 139
1900 125
1200 131
1800 155
1600 131
1700 151
2000 132
1400 156
1800 133
1600 149
2000 134
1800 130
1800 127
2100 138
1700 152
1400 131
1500 133
1500 132
1600 128
1500 136
1400 130
2000 151
2500 139
1500 133
1800 132
1500 144
1500 133
1600 122
1200 130
1800 135
1600 133
1500 140
1800 156
2600 131
2300 153
1900 146
1500 138
1500 140
1500 133
1300 133
1800 150
1100 150
1400 126
1300 132
2500 132
1500 157
1600 139
1500 158
1900 134
1200 133
1600 135
1500 129
2200 143
1600 150
1700 154
2600 138
2200 140
1600 144
1200 126
1700 134
1900 161
1800 140
1300 133
1500 142
2600 142
1400 129
1400 126
1400 139
1400 133
1400 129
1500 147
2000 144
1300 138
1600 131
1700 127
2700 132
1700 139
1200 131
1800 138
1300 138
1300 129
1400 135
1400 150
1300 135
1300 142
1600 131
1400 138
1700 130
1200 142
1600 153
1400 128
1400 134
1300 134
1300 126
1100 127
1300 147
1600 132
1500 149
1600 127
1600 135
1500 136
1500 157
1700 135
2000 153
1500 136
1200 144
1400 133
1200 135
1600 133
4200 129
1400 135
1600 124
1300 132
1300 130
1800 137
1800 146
1300 138
1500 141
1400 134
2500 143
1500 134
1400 134
1800 139
1400 137
1700 166
1400 152
2200 144
2200 146
1400 130
1500 129
3400 153
1400 140
1600 142
1400 134
1800 155
1800 154
1800 137
1500 136
1700 129
2800 163
2100 152
1400 158
1600 140
1100 125
2100 138
1300 139
1700 142
1800 153
1700 130
1300 130
2500 137
1800 152
1500 130
1400 130
1600 136
1200 139
1700 145
1500 131
1300 150
1600 142
1400 144
2400 138
1400 132
1300 132
1600 134
1500 160
1500 135
1700 158
1400 153
1600 127
1300 151
1400 126
5000 171
1200 152
1500 131
1700 163
2300 186
1500 145
1800 144
1700 163
2900 141
1600 156
1600 148
1100 146
1400 148
1200 149
1800 140
1300 133
1400 130
1500 142
1500 136
2700 144
1700 144
1500 143
1700 154
1800 137
1800 141
1100 133
1500 136
1300 147
3000 153
1900 160
1500 132
1300 141
1800 149
1300 146
1600 141
1800 145
1500 145
1500 132
1200 159
2600 131
1800 142
1600 134
1500 136
1200 134
1800 164
1700 144
1500 138
1300 142
2200 149
3100 144
1700 139
1500 133
1700 132
1500 139
1400 143
1500 148
1700 131
1400 138
2000 144
1200 140
3000 134
1500 134
1400 133
2200 142
2000 152
1200 129
1500 158
1900 148
1600 164
1600 136
1300 143
1600 126
1100 133
1500 155
1200 135
1300 142
1800 143
1600 133
1400 130
1500 133
1200 126
2500 149
1800 135
1800 124
1600 132
1600 144
1700 152
1700 140
1400 140
1400 137
1400 144
1900 147
2300 130
1600 156
1400 135
1400 125
1600 136
1800 149
1300 143
1500 134
1400 149
1600 142
3000 145
1800 151
1600 134
1500 131
1400 129
1500 126
1400 145
1400 136
2000 147
1900 148
1600 145
1500 132
2000 153
1500 135
1800 152
1400 138
1200 154
1300 139
1200 137
1300 146
1400 142
2400 143
1300 152
1700 135
1700 146
1300 142
1200 124
1400 126
1500 143
1700 145
1700 131
1700 149
3200 140
1900 125
1800 145
1700 153
1500 152
1700 128
1500 142
2400 130
1400 141
1600 136
2600 135
1200 158
1500 129
1600 129
1600 134
1600 146
1500 145
1900 147
1400 130
1600 142
2700 140
1400 125
1600 153
1700 133
1300 136
1600 149
1400 136
1500 143
1900 142
1400 126
1500 128
1600 143
2600 133
1700 163
1700 153
1500 163
1900 163
1400 143
2000 159
1600 137
1900 143
2500 147
1700 134
1500 149
1500 144
1400 164
1000 158
1900 155
1600 132
1300 132
1600 152
1400 153
2700 156
1400 139
1700 131
1400 129
2100 138
1500 149
1100 130
1900 149
1200 140
2600 139
1600 144
1600 157
1700 130
1600 164
2000 143
1600 162
1500 160
1600 133
1400 139
1200 160
2600 145
1600 145
1800 149
1800 139
1800 146
1900 142
2000 148
1300 149
1700 139
2500 130
1700 135
1400 125
1600 130
1300 137
1400 133
1700 146
1700 147
1400 144
1400 134
1600 138
1400 140
1800 143
1700 138
1600 142
1800 129
1800 133
1400 134
1700 153
2100 142
1500 131
1300 139
1600 142
1500 148
1800 137
1200 137
1600 135
2000 144
1300 144
1600 145
1700 145
1900 152
2500 133
1500 169
1700 130
1600 130
1400 158
1700 143
1700 140
1500 138
1500 168
1400 129
1400 133
2900 150
1400 136
1300 158
1500 143
1500 125
1400 152
1400 144
1500 135
1700 144
1500 147
2500 162
1700 139
1600 143
1200 132
1600 143
1900 135
1500 137
1700 134
1700 142
1300 143
1300 134
2500 144
1700 138
1900 135
1100 134
1500 143
1100 130
1700 131
1600 147
1400 155
2600 148
1900 143
1200 135
1400 137
1300 149
1100 130
1600 148
1300 140
1600 140
1300 146
2100 138
2800 131
1300 142
1400 130
1800 143
1300 134
1300 158
1600 138
2300 185
1500 151
3400 162
1200 152
1500 145
1600 157
1900 129
1500 149
2300 156
1500 149
2600 152
1600 146
1400 137
1300 135
1700 129
1400 142
1900 159
1600 133
1900 146
1400 136
1400 146
2200 135
3500 132
1700 144
1600 134
2500 164
2200 143
1700 148
1600 140
1400 140
1800 135
1500 135
1900 154
1900 134
1700 140
1400 128
1200 133
1300 134
1700 141
1400 140
1800 131
2300 144
1600 150
1500 132
2300 163
1500 138
1700 131
1500 142
2200 161
1800 139
1600 155
1600 137
1600 148
1700 150
2700 139
2300 125
1300 154
1600 141
1400 151
1300 133
1700 156
1700 139
1600 130
1800 134
1800 145
1700 133
1600 131
1800 133
1800 151
1600 139
1900 162
1500 134
1300 144
1600 134
2200 144
4900 143
1400 140
1900 137
1700 140
1300 150
1300 136
1300 138
1500 130
1600 150
1300 148
1600 145
3000 143
1800 125
1300 139
1600 144
1400 126
1700 140
1500 140
1200 128
1500 144
3200 141
1700 140
2600 136
2000 140
1100 140
1500 149
1300 132
1400 140
1600 152
1600 131
1300 146
1100 151
1400 140
1500 144
2800 144
1600 146
1800 157
1600 149
1400 148
1400 135
2600 146
1200 125
1500 142
1600 138
1800 141
2700 136
2100 137
1400 132
1600 137
2900 145
2500 156
2400 136
2800 131
2600 157
2100 148
2500 156
2400 131
2100 137
2700 152
2700 155
17200 136
2300 139
2400 140
3000 142
2300 141
2600 146
6000 144
2700 140
3000 152
2400 144
2500 145
2400 131
2300 137
3100 165
2600 151
2500 153
4400 139
2100 128
2900 155
2500 138
3000 156
2800 132
2500 139
2900 154
2400 134
4000 157
4600 131
3500 153
2900 149
2400 135
2000 137
2900 145
2800 145
3400 140
2900 150
2500 142
5300 160
2500 130
2900 139
2800 145
2900 154
2800 149
2400 133
2500 146
2200 142
2200 127
2600 131
4700 137
3500 158
3200 140
2600 145
2000 136
2300 144
3500 136
2500 151
2700 150
5100 145
2600 151
2500 146
2800 140
2500 139
2700 138
2500 149
3000 144
2700 128
2200 142
2500 142
3700 123
2700 134
3200 145
2500 144
3300 138
2800 142
5900 161
2800 141
2800 155
6100 171
2800 128
3100 129
3100 135
2600 157
2200 150
2700 132
2800 148
2000 135
2100 135
2400 143
3600 165
2200 136
1500 131
1500 136
1800 135
1600 136
1700 152
2100 155
1500 151
1700 143
1800 146
2800 153
1300 155
1600 153
1600 141
1800 132
1700 168
2000 136
1500 136
1800 142
1600 142
2000 161
2900 143
1800 130
1400 150
2000 134
2400 146
1800 141
1500 159
1500 147
2200 144
1700 132
5000 139
1500 122
1900 144
1800 140
1600 154
1500 136
2200 151
1600 149
1700 147
1900 157
1500 148
2100 129
1800 141
1400 130
1500 125
1900 134
1400 138
1600 138
1800 150
1600 134
1800 141
2700 155
1600 156
1800 130
1600 132
1500 141
2300 145
1400 152
1800 138
1800 132
1700 135
4200 136
2300 150
1400 142
1600 139
1800 152
2100 174
1900 145
1300 131
1500 127
2900 139
1700 135
1800 141
1600 143
1700 155
1500 149
1700 142
2800 142
2000 152
1400 139
1400 129
1300 152
3700 184
1600 142
1600 143
1600 133
1600 140
1500 133
1500 142
1500 140
1400 132
1900 136
4900 144
1500 134
1400 148
1500 157
1300 144
1700 152
1500 137
1700 125
1500 141
1800 144
2100 180
3200 138
1600 150
1500 132
1500 127
1300 165
1500 155
1500 150
1800 133
1700 142
1800 134
1400 148
2700 156
1300 142
1400 126
2100 132
1600 145
2900 151
1700 135
1500 145
1600 168
2500 145
3500 146
1500 131
1400 159
1400 132
2100 137
1300 152
2000 160
1900 136
1800 139
1700 168
2700 142
1800 139
1300 125
1400 140
1800 152
1800 148
1800 149
1300 137
1600 149
1600 135
3000 140
1200 133
1800 151
1900 155
1400 140
1800 130
1200 170
1900 141
1400 146
1600 155
1700 172
2600 145
1400 140
1500 144
2000 143
1000 127
1300 140
1500 132
1000 140
1800 139
1600 122
4800 145
1400 138
2000 154
1700 167
1600 144
2100 133
1300 144
1600 137
1600 155
1700 137
2400 141
2100 152
1600 155
1800 137
1400 167
1900 162
1400 137
1700 138
1600 153
1700 132
4500 126
1300 130
1900 140
1500 172
1800 155
1700 126
1500 149
1700 151
1700 133
1400 127
1800 130
2500 133
1800 145
1900 151
1700 145
1500 168
1500 162
1700 135
1600 142
1100 149
1800 138
1300 166
2600 133
1900 134
1300 145
1700 147
1600 148
1400 138
1500 140
1700 152
1600 143
1500 136
1400 129
2600 135
1800 147
1700 140
1400 152
1700 129
2000 146
1400 152
1400 149
1400 135
1500 146
1800 143
1700 142
1600 149
1700 143
1500 137
1600 130
1800 143
1900 136
1600 162
1600 151
1400 132
2500 173
1600 138
1500 140
1400 135
1500 122
1600 129
1000 139
1700 149
1200 167
1700 146
1500 139
2800 135
1600 151
1900 150
1700 141
1500 136
1700 181
1500 146
1500 133
1100 128
2300 153
1400 148
3000 132
1400 126
1900 155
1500 145
1800 134
1700 133
1600 168
1200 129
1500 136
1300 135
2300 125
1700 148
1700 144
1900 141
2000 144
1300 135
1800 153
1600 129
1200 152
1600 138
2800 152
1500 159
1900 157
1700 140
1900 147
1400 145
1700 140
1900 139
1500 135
3100 141
1400 135
1800 154
1600 149
1500 133
1600 141
2000 132
1600 130
1300 130
2000 134
1600 129
1700 139
2100 129
1800 150
1700 153
1600 157
1400 125
1300 146
1400 144
1500 131
1500 134
1300 142
1100 131
1700 135
1700 140
1400 141
1600 139
1600 166
1500 139
1400 130
1400 133
1400 139
1300 138
1500 146
2600 155
1600 147
1500 145
1300 138
1600 145
1100 136
1400 133
1800 162
1600 139
1500 137
2800 154
1500 134
1600 136
1200 130
1800 163
1300 139
1600 142
1000 129
1600 133
2600 134
1500 156
1200 133
1700 139
1600 139
1400 137
1700 163
1600 136
1900 138
1500 154
1600 128
2700 140
1100 146
2000 131
1600 138
1700 130
1600 148
1700 136
1500 126
1300 135
1700 133
1600 131
3000 156
1900 145
1600 154
1800 145
1500 142
1600 139
1900 126
1200 134
1600 138
1500 136
1200 134
2900 149
1700 153
2000 171
1300 153
1700 138
1300 137
1300 121
1300 132
1600 142
1400 136
1900 133
4800 133
1500 140
1600 149
1500 129
1700 152
1700 148
1200 131
1500 139
1600 141
2000 153
1500 149
1800 145
1500 168
1600 139
2300 153
1500 126
1900 136
1400 135
1700 153
1400 133
1800 141
1500 132
2200 140
3000 141
1600 133
1700 137
1800 149
1300 145
1700 149
1500 126
1600 157
1800 145
1300 141
1600 160
1600 135
1300 154
1800 134
1700 167
1600 140
1200 135
1400 139
1900 142
1700 140
1400 136
1500 148
3600 153
1400 130
1600 135
1200 148
1500 143
1800 138
1400 131
5300 150
2000 129
2900 130
1400 137
1600 143
1500 134
1300 145
1800 146
1300 130
1700 144
2000 139
2200 158
2000 149
3100 163
1400 144
1700 137
1700 139
1500 137
1200 140
1800 142
1700 142
1700 136
1900 136
1700 140
3000 143
2100 146
1600 154
1400 156
1600 154
1400 148
1700 131
1500 138
1500 150
2400 135
1800 149
1800 145
1400 149
1600 155
1900 135
1700 142
1300 135
1300 149
1900 173
1400 141
1900 138
1500 136
1700 149
1500 121
1300 129
1200 142
1700 151
1200 134
2700 158
1500 137
1500 150
2200 153
1600 146
1200 148
1400 136
1400 146
1300 139
1700 130
2600 157
1500 144
1700 138
1600 129
1700 156
1500 144
1500 137
1600 139
1300 130
1300 122
2600 138
1500 140
1500 137
1500 150
1600 145
1800 144
2000 134
1900 138
1800 150
1000 137
2700 147
1600 149
1700 135
1500 138
1400 153
1500 143
1900 174
2300 132
1100 134
1400 122
4800 144
1500 129
1800 144
1300 137
1600 163
1800 146
1500 138
1400 138
1900 151
1400 131
1400 131
3500 157
1900 166
1200 130
1700 141
1300 145
1600 137
1500 130
1300 134
1700 144
1600 153
2100 144
1600 133
1700 158
1600 153
1500 145
1500 149
1600 143
1400 146
1200 146
1700 145
1400 131
2600 152
1300 135
1600 149
1500 137
1100 134
2200 163
1500 154
1400 140
1300 140
1300 135
1600 138
1300 139
2000 162
1800 164
1400 140
1300 131
1100 146
1400 133
1500 132
1600 145
1800 146
1900 150
1300 144
1000 136
1300 132
1500 139
1700 161
1500 123
1600 155
1100 146
1200 146
1400 142
1600 132
1800 156
1500 149
1600 145
1500 139
1200 137
1400 133
1500 145
2100 141
2800 149
1500 152
1200 130
1300 125
1200 135
1300 129
1500 145
1900 152
1600 134
1300 163
1600 138
1400 142
3600 138
1900 145
2000 144
1800 137
2000 139
1500 131
1700 156
1900 165
1600 139
2300 151
2700 144
1500 156
1600 135
1400 135
1400 135
1900 151
2100 132
1400 138
| Time of Insert: max -> 1369700; min -> 800; average -> 2105.39| Iteration of Insert: max -> 186; min -> 5; average -> 121.7185