11400 146
32100 135
10100 129
5200 142
4700 140
4100 140
4500 149
4000 148
4000 130
4200 147
3700 129
4700 132
4200 143
3700 131
3000 135
3200 128
3400 131
3900 135
4900 144
5800 149
4100 149
5700 146
3900 131
14300 134
5500 138
5900 153
4800 133
4300 137
5400 159
4700 162
7200 153
6300 166
5400 138
4600 127
5400 144
4300 141
5600 145
5700 143
4000 131
5700 152
6200 135
5500 141
6100 166
5700 163
4000 130
4100 129
5300 158
5800 151
5300 148
5700 147
5200 151
6500 154
4900 153
5600 139
5400 128
5700 136
5000 143
8000 183
4500 162
4200 138
4500 146
3900 127
3400 138
5900 136
3900 142
3900 142
3600 134
3100 135
3300 128
3000 132
4700 176
4200 128
3400 143
3900 155
3900 128
3400 151
3200 130
3000 130
3200 135
4600 146
3800 156
3300 132
3400 149
3200 136
3900 164
3500 120
5200 167
400 12
3700 148
2800 132
3100 131
3400 151
3500 143
3000 128
3200 126
3300 151
3000 148
4600 153
3500 134
4100 138
3400 134
3700 139
2800 132
3300 139
3000 138
3500 138
2700 126
4100 147
4000 159
3200 130
3400 138
3100 149
3000 128
3300 141
3700 141
3600 140
2500 146
3800 161
3200 123
3500 137
3700 148
3500 159
3400 158
3300 141
2900 133
4800 165
3300 169
4300 170
3400 139
3100 126
2800 150
3100 132
3100 136
4000 168
4700 174
3700 166
3400 130
2900 164
4000 159
3300 133
3100 137
3800 124
3200 136
3000 130
3700 128
5200 192
3400 170
3000 138
3600 152
3300 141
3300 129
3000 139
3500 159
3000 125
3900 147
4300 152
6600 162
5900 137
5500 132
5600 132
5500 135
5100 142
5300 130
7200 146
5500 134
4700 141
5100 138
4800 150
7000 136
6100 152
5300 149
4700 154
5000 165
7200 144
5100 134
3900 127
7500 161
4400 134
6400 142
700 12
5600 142
6500 132
5500 141
5200 124
5200 139
7200 130
6000 136
5300 132
5100 138
4200 124
4400 136
5200 153
4800 139
5500 142
6300 170
5800 131
5500 150
4600 142
800 12
4600 138
4700 135
5400 158
4900 132
4200 127
5600 156
5800 145
4900 139
4500 131
4800 133
5200 130
4100 126
4200 140
4400 140
5200 136
4700 131
4700 141
4200 149
5300 135
5300 141
5000 139
5300 141
4900 142
5100 147
4300 132
4500 132
5300 148
4800 137
5400 136
5300 129
5900 139
5000 133
4300 133
5000 153
6000 136
7100 172
6700 150
4100 141
4100 145
3400 123
4400 145
6000 129
3200 130
3100 156
3600 138
3400 140
3900 146
3500 155
3900 149
3000 127
3200 131
3100 142
3600 149
4300 132
3400 154
3100 146
13400 146
4400 128
5200 129
6500 144
5900 137
5500 141
5300 148
5000 152
5500 134
6900 120
4500 129
5200 131
5300 132
4700 143
4600 131
5700 129
4900 142
6900 142
6100 137
5300 149
6300 130
5700 154
4900 159
4300 150
5200 145
5000 153
700 12
4800 162
5000 142
4900 121
4600 130
4900 128
5900 150
7100 129
5200 122
800 12
4900 142
4700 123
4500 141
7100 213
4400 152
7200 142
6700 169
4300 128
5700 153
6700 145
4900 133
4900 138
4600 124
5400 141
4700 148
4800 136
4700 149
5000 145
5300 134
4600 141
6100 167
7100 153
5700 155
6400 158
4900 130
5000 136
5200 131
4700 132
16000 132
6000 161
4800 129
4700 129
4700 152
6700 133
6000 140
27700 142
900 12
5400 140
4500 139
3900 134
3300 151
3400 155
3400 143
3500 143
4200 151
4300 127
2800 146
3100 140
3400 128
3500 138
3300 145
3200 130
4200 165
4300 148
3300 163
4300 151
3300 144
5300 162
4400 138
4300 140
4700 136
6200 163
4100 148
4700 153
4100 147
4200 132
4200 136
4200 127
4200 141
5900 141
5800 159
4500 151
4000 133
4700 140
4700 127
3700 139
3000 138
2900 134
4300 147
700 12
4200 147
3800 163
4800 172
3700 130
2500 125
3500 142
3400 146
5600 180
4100 149
3200 136
3000 135
3200 135
3200 148
3800 143
3600 137
3400 160
3100 140
2600 131
3500 127
500 12
2800 139
3000 137
3200 142
3300 141
3400 125
3700 149
3600 135
3600 152
2900 138
2700 143
3000 151
3600 145
5300 139
3900 125
3300 133
2800 130
2900 148
3000 126
500 12
2900 143
5000 152
3200 150
3700 151
2400 129
2600 137
3300 134
3300 141
3000 141
4100 132
3900 169
3800 136
3700 134
3700 133
3000 124
3200 139
3300 144
3600 122
3100 124
3200 138
3000 134
3300 143
3200 135
2900 148
3200 127
3400 137
3300 155
2700 128
3200 120
2900 138
3000 149
3100 137
3100 132
3600 131
4300 154
3000 144
3200 142
3400 137
3300 123
3600 123
3200 139
2700 144
3200 134
2700 151
3100 125
3200 137
3900 145
3200 141
2900 133
2700 143
3100 139
5300 164
3100 126
3000 139
3900 146
3400 138
500 12
3300 162
3000 150
3600 133
3200 134
2700 131
2900 130
2700 125
2800 154
3200 143
4600 156
3600 140
3400 148
3800 164
3500 145
2800 143
2600 137
400 12
4300 162
3300 147
4000 157
3000 134
3300 131
3200 138
3100 139
3200 156
2500 138
3600 153
700 12
3000 149
2600 122
3900 162
3400 137
4200 134
3500 122
3600 145
2400 128
2900 146
3500 137
3400 148
3200 135
3600 142
3700 160
3400 129
2800 127
3800 137
3000 142
4000 154
2900 129
3400 151
4000 140
4400 137
4100 143
4100 139
3200 146
5000 136
3500 143
3800 141
500 12
3000 141
3100 145
3700 139
2500 130
3800 158
3700 143
3100 155
4000 138
4300 129
6400 151
4200 143
4100 138
5900 157
5400 161
4200 131
5500 140
6600 143
4400 149
4900 144
4500 129
5000 142
5500 148
5000 131
6900 160
5000 140
4500 145
4200 139
4400 149
7000 165
5000 146
7300 144
5000 145
4800 138
6200 134
4200 121
5000 147
7300 154
4600 129
4500 129
800 12
6000 147
4800 162
4800 142
5200 137
4000 136
700 12
5200 149
5100 158
600 12
4800 157
6200 132
600 12
5700 157
5000 142
500 12
600 12
5200 145
5300 138
4500 132
4200 137
5100 154
4900 131
5500 144
3900 132
4300 150
5600 139
4200 118
4500 156
7000 136
5500 137
5200 142
5900 140
5300 134
4800 128
5800 149
4300 147
6200 166
4700 138
5000 130
4700 135
7200 161
4900 133
4900 136
4800 130
4000 128
4800 131
4500 137
5600 142
5300 158
4600 146
4700 160
4500 135
5700 142
4400 131
700 12
4600 132
4400 134
4800 135
5200 140
5500 162
4300 127
4500 146
4800 166
5500 159
4800 159
5400 142
4300 150
4100 146
4200 150
4500 142
5100 136
6700 144
6800 192
4600 135
3900 141
3700 121
500 12
5100 128
4400 128
6100 139
4800 136
4600 152
5900 143
4500 135
6200 145
4200 149
4400 145
5000 145
5100 141
5900 148
6100 165
5100 136
600 12
5200 134
5200 152
5800 125
4800 136
4900 129
4000 126
4900 139
5100 135
3900 129
4100 132
4500 148
3700 128
4900 141
4500 139
4500 165
4800 139
5600 151
3900 134
4600 139
4100 133
4800 127
4400 141
5000 139
3700 126
4100 147
4600 132
3400 130
3200 148
3800 148
3400 140
5000 143
4800 138
6000 154
4400 131
4900 134
5000 140
4800 127
4900 151
4200 147
3100 131
600 12
3300 141
3100 154
3100 155
400 12
4000 139
400 12
4300 163
3000 124
3400 137
3300 142
3400 147
3400 145
4300 159
3900 147
4200 167
3200 161
3300 138
4200 126
4900 177
6400 162
6000 155
5700 163
4400 144
4900 129
4700 134
6100 157
6200 148
5100 146
4500 126
6700 154
5500 133
4700 136
500 12
5500 156
900 12
4100 127
4900 137
4900 128
5300 143
4100 122
5200 134
5300 149
600 12
6700 134
5200 139
35100 149
16200 137
13700 168
400 12
500 12
900 12
9100 149
2700 158
500 12
8500 132
10700 142
2200 139
1900 139
2000 135
2600 121
8600 148
2900 149
10300 148
1900 152
5300 141
2500 132
3000 136
2000 141
700 12
6500 137
3800 160
2000 142
1700 138
2300 148
6300 141
1900 131
1700 136
2400 140
2100 122
300 12
1700 140
1900 155
2400 129
2100 128
2300 167
2300 141
2000 138
2500 154
2400 141
1500 123
1800 161
1900 133
300 12
400 12
600 12
2100 147
2300 150
2200 139
1600 140
2200 158
10000 142
1700 164
2000 152
2000 148
500 12
600 12
2400 145
1800 132
2500 149
1900 148
1700 143
2200 142
1900 138
1900 123
1800 142
2000 146
2000 135
2300 150
1900 139
2100 128
2000 135
1300 135
1900 154
1900 144
14600 122
2600 151
3000 134
2600 144
2400 145
2500 126
1900 138
1600 131
2700 151
11800 151
1700 148
2200 136
2500 141
2100 146
2100 150
6900 181
2500 127
2600 139
2800 130
2100 155
2600 149
2100 137
2500 153
2000 149
1900 157
1500 151
1500 131
3100 134
2400 127
2400 131
2900 186
1700 134
2600 129
1700 131
2900 200
1500 145
2000 145
2300 148
1500 129
2600 164
1500 138
2000 145
2400 145
1800 138
2000 159
1400 138
2500 141
1800 139
2900 125
2400 136
2800 120
2700 160
3000 140
2700 156
2600 125
3000 154
1900 124
2300 174
1800 146
1800 132
1800 139
2000 135
2200 120
1700 131
1400 127
1900 120
300 12
400 12
1700 142
1900 142
2000 157
1600 129
1400 129
1400 130
1300 139
1600 135
1400 133
2000 150
1700 135
2200 149
2400 206
1500 138
1700 133
1600 141
1400 139
1700 133
500 12
1900 139
2200 145
1700 134
1900 150
2100 142
2300 146
2100 123
1600 138
700 12
1800 157
2600 153
2100 126
1800 143
3100 184
1900 162
600 12
1900 145
1500 127
400 12
1700 149
2100 132
1800 136
2300 134
1800 142
1500 135
1300 134
2000 143
1500 131
1700 138
1800 136
2100 140
2000 146
300 12
500 12
1500 135
1900 134
1600 130
1800 122
1200 133
1900 145
1400 127
1900 140
1900 149
1400 118
1500 139
1800 147
1500 133
1900 147
1900 130
1300 137
1800 155
1700 147
2500 158
1700 149
2300 167
1400 128
1400 130
1900 161
1800 157
1300 154
400 12
1700 157
1400 136
1900 141
1800 165
1500 145
2200 150
2500 122
1900 150
1600 140
300 12
1500 142
1700 139
1800 138
1700 147
1500 153
1700 135
1600 118
2000 122
1800 168
1800 140
1900 134
300 12
1900 132
1600 150
1800 122
600 12
2400 137
1600 136
1800 135
| Time of Remove: max -> 35100; min -> 300; average -> 3876.9| Iteration of Remove: max -> 213; min -> 12; average -> 135.227