50300 12
8500 12
5400 12
13800 12
1800 12
2000 12
1900 12
2300 12
2100 12
1500 12
1300 12
1600 12
1900 12
2300 12
1700 12
1500 12
1700 12
1500 12
1500 12
1400 12
1500 12
1500 12
1400 12
1500 12
2000 12
1400 12
1500 12
1500 12
1600 12
1500 12
1500 12
1600 12
1600 12
1300 12
1600 12
2100 12
1500 12
1500 12
1300 12
1500 12
1500 12
1400 12
1400 12
1500 12
1500 12
1800 12
1600 12
1400 12
1600 12
1700 12
1700 12
1500 12
1300 12
1500 12
1700 12
1400 12
1700 12
1600 12
1900 12
1500 12
1500 12
1300 12
1200 12
1300 12
1500 12
1500 12
1500 12
1900 12
1400 12
1500 12
1300 12
1500 12
1500 12
1500 12
1400 12
1100 12
1300 12
1800 12
1400 12
1400 12
1500 12
1500 12
1400 12
1700 12
1600 12
1200 12
1400 12
1400 12
2000 12
1500 12
1500 12
1400 12
1400 12
1300 12
1400 12
1500 12
1500 12
1500 12
1300 12
1700 12
| Time of Search: max -> 50300; min -> 1100; average -> 2266.0| Iteration of Search: max -> 12; min -> 12; average -> 12.0